1.0  2.306773797318614e-08
2.0  2.306773797318615e-08
3.0  2.306773797318614e-08
4.0  2.3067737973186038e-08
5.0  2.306773797318595e-08
6.0  2.306773797318585e-08
7.0  2.306773797318578e-08
8.0  2.3067737973185707e-08
9.0  2.306773797318553e-08
10.0  2.3067737973185416e-08
11.0  2.306773797318524e-08
12.0  2.3067737973185046e-08
13.0  2.3067737973184877e-08
15.0  2.3067737973184404e-08
16.0  2.306773797318421e-08
18.0  2.3067737973183656e-08
19.0  2.3067737973183358e-08
21.0  2.3067737973182812e-08
23.0  2.3067737973182078e-08
26.0  2.3067737973180956e-08
28.0  2.306773797318014e-08
31.0  2.3067737973178776e-08
34.0  2.3067737973177303e-08
37.0  2.3067737973175682e-08
41.0  2.306773797317326e-08
44.0  2.30677379731713e-08
49.0  2.3067737973167685e-08
54.0  2.3067737973163787e-08
59.0  2.3067737973159453e-08
64.0  2.306773797315475e-08
71.0  2.3067737973147442e-08
78.0  2.3067737973139412e-08
85.0  2.306773797313067e-08
93.0  2.3067737973119735e-08
102.0  2.3067737973106222e-08
112.0  2.306773797308979e-08
123.0  2.3067737973069915e-08
135.0  2.306773797304613e-08
148.0  2.3067737973017872e-08
163.0  2.306773797298204e-08
178.0  2.3067737972942695e-08
196.0  2.3067737972890953e-08
215.0  2.3067737972830986e-08
235.0  2.306773797276177e-08
258.0  2.306773797267465e-08
283.0  2.3067737972570725e-08
311.0  2.3067737972442955e-08
341.0  2.3067737972292584e-08
374.0  2.3067737972111226e-08
410.0  2.3067737971894376e-08
450.0  2.3067737971629986e-08
494.0  2.306773797131076e-08
542.0  2.306773797092857e-08
594.0  2.306773797047466e-08
652.0  2.30677379699192e-08
715.0  2.306773796925737e-08
784.0  2.3067737968462387e-08
860.0  2.306773796750222e-08
944.0  2.3067737966337552e-08
1035.0  2.306773796495351e-08
1136.0  2.3067737963268245e-08
1246.0  2.306773796125452e-08
1367.0  2.306773795882459e-08
1499.0  2.306773795591703e-08
1645.0  2.3067737952389143e-08
1804.0  2.3067737948174472e-08
1979.0  2.306773794308641e-08
2171.0  2.3067737936962562e-08
2382.0  2.3067737929579105e-08
2613.0  2.3067737920711126e-08
2866.0  2.3067737910057417e-08
3144.0  2.3067737897216394e-08
3449.0  2.306773788176163e-08
3783.0  2.3067737863197093e-08
4150.0  2.3067737840821083e-08
4553.0  2.306773781386515e-08
4995.0  2.3067737781430028e-08
5479.0  2.3067737742468306e-08
6010.0  2.3067737695580724e-08
6593.0  2.3067737639109927e-08
7233.0  2.3067737571102307e-08
7934.0  2.3067737489387838e-08
8704.0  2.3067737390924804e-08
9548.0  2.3067737272529483e-08
10474.0  2.3067737130034358e-08
11490.0  2.3067736958525396e-08
12604.0  2.3067736752236514e-08
13826.0  2.306773650400887e-08
15167.0  2.3067736205192984e-08
16638.0  2.306773584561773e-08
18252.0  2.3067735412818775e-08
20022.0  2.3067734892153347e-08
21964.0  2.3067734265488633e-08
24094.0  2.3067733511497848e-08
26431.0  2.3067732603998726e-08
28994.0  2.3067731512218408e-08
31806.0  2.306773019820575e-08
34891.0  2.3067728616805635e-08
38275.0  2.3067726713890082e-08
41987.0  2.3067724424091728e-08
46059.0  2.3067721668619627e-08
50526.0  2.3067718352704173e-08
55427.0  2.3067714361768017e-08
60802.0  2.306770956036012e-08
66699.0  2.3067703781809663e-08
73168.0  2.306769682796698e-08
80264.0  2.3067688460386397e-08
88049.0  2.3067678390047183e-08
96588.0  2.3067666273175154e-08
105956.0  2.306765169083022e-08
116232.0  2.3067634143890762e-08
127505.0  2.306761302785806e-08
139871.0  2.306758761832924e-08
153437.0  2.3067557040056128e-08
168318.0  2.3067520245347455e-08
184642.0  2.3067475969299668e-08
202550.0  2.306742268775812e-08
222195.0  2.3067358571607676e-08
243744.0  2.306728142375661e-08
267384.0  2.3067188586702914e-08
293317.0  2.3067076874637726e-08
321764.0  2.306694245868251e-08
352971.0  2.3066780715329684e-08
387204.0  2.3066586102534573e-08
424757.0  2.3066351942558437e-08
465953.0  2.3066070199614546e-08
511143.0  2.3065731234043108e-08
560717.0  2.30653234173762e-08
615099.0  2.306483279938534e-08
674754.0  2.3064242616266267e-08
740196.0  2.3063532682479255e-08
811984.0  2.3062678799934427e-08
890735.0  2.306165186385649e-08
977124.0  2.3060416956732104e-08
1071891.0  2.3058932190735322e-08
1175850.0  2.305714729921189e-08
1289890.0  2.3055002117876643e-08
1414991.0  2.3052424524863304e-08
1552225.0  2.3049328319320633e-08
1702769.0  2.3045610510728374e-08
1867914.0  2.304114826322001e-08
2049075.0  2.3035795372471743e-08
2247806.0  2.3029378110635803e-08
2465811.0  2.3021690674589817e-08
2704960.0  2.3012489996449488e-08
2967302.0  2.3001490246153746e-08
3255089.0  2.2988356605254326e-08
3570786.0  2.2972699586623762e-08
3917101.0  2.295406882383356e-08
4297005.0  2.2931948193317423e-08
4713753.0  2.2905752742248176e-08
5170920.0  2.2874827635572875e-08
5672426.0  2.2838452132558927e-08
6222571.0  2.279584921398353e-08
6826072.0  2.274620342144007e-08
7488104.0  2.2688688996795945e-08
8214344.0  2.2622510389476227e-08
9011018.0  2.2546956367334213e-08
9884959.0  2.246146665317304e-08
10843660.0  2.2365709931821703e-08
11895341.0  2.2259665679345747e-08
13049020.0  2.2143701550034774e-08
14314589.0  2.201863416853233e-08
15702901.0  2.1885759396517653e-08
17225860.0  2.1746841103733744e-08
18896523.0  2.160405079321495e-08
20729218.0  2.1459859224200916e-08
22739658.0  2.1316892595190253e-08
24945081.0  2.1177769943512765e-08
27364400.0  2.1044947208185896e-08
30018358.0  2.092059147204085e-08
32929713.0  2.0806502387724758e-08
36123427.0  2.0704093212378633e-08
39626886.0  2.061443430425449e-08
43470132.0  2.0538361162784877e-08
47686117.0  2.0476651760574607e-08
52310993.0  2.0430293263885937e-08
57384416.0  2.0400892690917162e-08
