0.0  1.795119549587586e-08
62500.0  2.235362403372045e-08
125000.0  2.2353554809716305e-08
187500.0  2.2353439445256265e-08
250000.0  2.2353277953685288e-08
312500.0  2.2353070353680818e-08
375000.0  2.235281666924721e-08
437500.0  2.2352516929709222e-08
500000.0  2.2352171169703318e-08
562500.0  2.2351779429167725e-08
625000.0  2.2351341753331114e-08
687500.0  2.2350858192699083e-08
750000.0  2.2350328803040243e-08
812500.0  2.234975364536977e-08
875000.0  2.2349132785931927e-08
937500.0  2.2348466296181305e-08
1000000.0  2.2347754252762215e-08
1062500.0  2.2346996737486547e-08
1125000.0  2.2346193837310656e-08
1187500.0  2.2345345644310454e-08
1250000.0  2.2344452255655124e-08
1312500.0  2.2343513773579516e-08
1375000.0  2.2342530305355e-08
1437500.0  2.2341501963259234e-08
1500000.0  2.234042886454414e-08
1562500.0  2.2339311131402748e-08
1625000.0  2.2338148890935117e-08
1687500.0  2.233694227511195e-08
1750000.0  2.2335691420738066e-08
1812500.0  2.2334396469413798e-08
1875000.0  2.2333057567495118e-08
1937500.0  2.23316748660535e-08
2000000.0  2.233024852083322e-08
2062500.0  2.2328778692208318e-08
2125000.0  2.232726554513826e-08
2187500.0  2.2325709249122548e-08
2250000.0  2.2324109978153568e-08
2312500.0  2.232246791066911e-08
2375000.0  2.232078322950376e-08
2437500.0  2.231905612183846e-08
2500000.0  2.231728677915005e-08
2562500.0  2.231547539715908e-08
2625000.0  2.231362217577696e-08
2687500.0  2.2311727319052228e-08
2750000.0  2.2309791035115748e-08
2812500.0  2.2307813536124786e-08
2875000.0  2.230579503820699e-08
2937500.0  2.2303735761402533e-08
3000000.0  2.230163592960638e-08
3062500.0  2.2299495770508777e-08
3125000.0  2.2297315515536137e-08
3187500.0  2.22950953997901e-08
3250000.0  2.22928356619868e-08
3312500.0  2.2290536544394648e-08
3375000.0  2.2288198292772195e-08
3437500.0  2.228582115630489e-08
3500000.0  2.2283405387541477e-08
3562500.0  2.2280951242329956e-08
3625000.0  2.2278458979752412e-08
3687500.0  2.2275928862060295e-08
3750000.0  2.2273361154608315e-08
3812500.0  2.2270756125788694e-08
3875000.0  2.2268114046964186e-08
3937500.0  2.2265435192401566e-08
4000000.0  2.226271983920417e-08
4062500.0  2.2259968267244128e-08
4125000.0  2.2257180759094804e-08
4187500.0  2.2254357599962552e-08
4250000.0  2.2251499077618204e-08
4312500.0  2.2248605482328525e-08
4375000.0  2.224567710678744e-08
4437500.0  2.224271424604733e-08
4500000.0  2.2239717197449562e-08
4562500.0  2.223668626055568e-08
4625000.0  2.2233621737078175e-08
4687500.0  2.2230523930811063e-08
4750000.0  2.222739314756074e-08
4812500.0  2.2224229695076846e-08
4875000.0  2.2221033882982675e-08
4937500.0  2.221780602270653e-08
5000000.0  2.221454642741232e-08
5062500.0  2.2211255411930808e-08
5125000.0  2.2207933292690555e-08
5187500.0  2.2204580387649652e-08
5250000.0  2.220119701622704e-08
5312500.0  2.2197783499234425e-08
5375000.0  2.2194340158808185e-08
5437500.0  2.2190867318341617e-08
5500000.0  2.2187365302417628e-08
5562500.0  2.2183834436741535e-08
5625000.0  2.2180275048074343e-08
5687500.0  2.2176687464166147e-08
5750000.0  2.2173072013690007e-08
5812500.0  2.216942902617648e-08
5875000.0  2.2165758831948135e-08
5937500.0  2.2162061762054906e-08
6000000.0  2.2158338148209488e-08
6062500.0  2.2154588322723308e-08
6125000.0  2.215081261844347e-08
6187500.0  2.214701136868955e-08
6250000.0  2.2143184907191025e-08
6312500.0  2.213933356802561e-08
6375000.0  2.2135457685558143e-08
6437500.0  2.213155759437916e-08
6500000.0  2.2127633629245355e-08
6562500.0  2.2123686125019826e-08
6625000.0  2.2119715416612755e-08
6687500.0  2.2115721838923727e-08
6750000.0  2.2111705726783338e-08
6812500.0  2.2107667414896846e-08
6875000.0  2.2103607237787117e-08
6937500.0  2.2099525529739388e-08
7000000.0  2.209542262474631e-08
7062500.0  2.2091298856453143e-08
7125000.0  2.2087154558104686e-08
7187500.0  2.208299006249209e-08
7250000.0  2.207880570190089e-08
7312500.0  2.2074601808059535e-08
7375000.0  2.2070378712088502e-08
7437500.0  2.2066136744450763e-08
7500000.0  2.2061876234902316e-08
7562500.0  2.2057597512444162e-08
7625000.0  2.2053300905274114e-08
7687500.0  2.2048986740740553e-08
7750000.0  2.204465534529615e-08
7812500.0  2.2040307044452543e-08
7875000.0  2.2035942162735792e-08
7937500.0  2.2031561023643053e-08
8000000.0  2.2027163949599503e-08
8062500.0  2.202275126191628e-08
8125000.0  2.2018323280749156e-08
8187500.0  2.2013880325058256e-08
8250000.0  2.2009422712568546e-08
8312500.0  2.2004950759730623e-08
8375000.0  2.2000464781683026e-08
8437500.0  2.1995965092215054e-08
8500000.0  2.199145200373025e-08
8562500.0  2.1986925827210953e-08
8625000.0  2.1982386872183687e-08
8687500.0  2.1977835446684843e-08
8750000.0  2.1973271857227966e-08
8812500.0  2.196869640877155e-08
8875000.0  2.1964109404686963e-08
8937500.0  2.1959511146728264e-08
9000000.0  2.1954901935002466e-08
9062500.0  2.1950282067939876e-08
9125000.0  2.194565184226664e-08
9187500.0  2.1941011552976342e-08
9250000.0  2.1936361493304052e-08
9312500.0  2.1931701954700243e-08
9375000.0  2.1927033226805624e-08
9437500.0  2.1922355597426724e-08
9500000.0  2.19176693525126e-08
9562500.0  2.1912974776131876e-08
9625000.0  2.1908272150450794e-08
9687500.0  2.190356175571183e-08
9750000.0  2.18988438702137e-08
9812500.0  2.1894118770290755e-08
9875000.0  2.1889386730294816e-08
9937500.0  2.1884648022576208e-08
10000000.0  2.187990291746694e-08
10062500.0  2.1875151683263145e-08
10125000.0  2.1870394586209562e-08
10187500.0  2.1865631890483713e-08
10250000.0  2.1860863858181478e-08
10312500.0  2.1856090749302977e-08
10375000.0  2.1851312821739334e-08
10437500.0  2.1846530331259868e-08
10500000.0  2.1841743531500276e-08
10562500.0  2.183695267395143e-08
10625000.0  2.183215800794828e-08
10687500.0  2.182735978066028e-08
10750000.0  2.1822558237082058e-08
10812500.0  2.1817753620024085e-08
10875000.0  2.181294617010547e-08
10937500.0  2.1808136125745445e-08
11000000.0  2.180332372315736e-08
11062500.0  2.1798509196341686e-08
11125000.0  2.1793692777080772e-08
11187500.0  2.178887469493347e-08
11250000.0  2.1784055177230453e-08
11312500.0  2.177923444907049e-08
11375000.0  2.177441273331686e-08
11437500.0  2.1769590250594122e-08
11500000.0  2.176476721928636e-08
11562500.0  2.1759943855534616e-08
11625000.0  2.1755120373236023e-08
11687500.0  2.175029698404277e-08
11750000.0  2.1745473897361603e-08
11812500.0  2.1740651320354446e-08
11875000.0  2.1735829457938326e-08
11937500.0  2.1731008512786987e-08
12000000.0  2.17261886853322e-08
12062500.0  2.1721370173765787e-08
12125000.0  2.1716553174042015e-08
12187500.0  2.1711737879880413e-08
12250000.0  2.170692448276934e-08
12312500.0  2.1702113171969302e-08
12375000.0  2.1697304134517216e-08
12437500.0  2.1692497555230996e-08
12500000.0  2.168769361671427e-08
12562500.0  2.168289249936188e-08
12625000.0  2.167809438136508e-08
12687500.0  2.1673299438718105e-08
12750000.0  2.166850784522391e-08
12812500.0  2.1663719772501507e-08
12875000.0  2.1658935389992393e-08
12937500.0  2.165415486496835e-08
13000000.0  2.1649378362538733e-08
13062500.0  2.164460604565883e-08
13125000.0  2.1639838075137826e-08
13187500.0  2.1635074609647522e-08
13250000.0  2.163031580573123e-08
13312500.0  2.1625561817812733e-08
13375000.0  2.1620812798205966e-08
13437500.0  2.1616068897124373e-08
13500000.0  2.1611330262691072e-08
13562500.0  2.1606597040948925e-08
13625000.0  2.1601869375870723e-08
13687500.0  2.1597147409370417e-08
13750000.0  2.1592431281313235e-08
13812500.0  2.158772112952722e-08
13875000.0  2.158301708981444e-08
13937500.0  2.1578319295962324e-08
14000000.0  2.157362787975537e-08
14062500.0  2.1568942970987154e-08
14125000.0  2.156426469747227e-08
14187500.0  2.1559593185058427e-08
14250000.0  2.1554928557638913e-08
14312500.0  2.155027093716528e-08
14375000.0  2.1545620443659735e-08
14437500.0  2.1540977195228293e-08
14500000.0  2.1536341308073445e-08
14562500.0  2.1531712896507405e-08
14625000.0  2.1527092072965398e-08
14687500.0  2.1522478948018934e-08
14750000.0  2.1517873630389333e-08
14812500.0  2.1513276226961225e-08
14875000.0  2.1508686842796277e-08
14937500.0  2.150410558114707e-08
15000000.0  2.1499532543470693e-08
15062500.0  2.1494967829443078e-08
15125000.0  2.149041153697273e-08
15187500.0  2.1485863762215042e-08
15250000.0  2.148132459958634e-08
15312500.0  2.147679414177829e-08
15375000.0  2.147227247977204e-08
15437500.0  2.146775970285272e-08
15500000.0  2.1463255898623895e-08
15562500.0  2.1458761153021806e-08
15625000.0  2.14542755503302e-08
15687500.0  2.144979917319468e-08
15750000.0  2.1445332102637253e-08
15812500.0  2.1440874418071173e-08
15875000.0  2.1436426197315294e-08
15937500.0  2.143198751660886e-08
16000000.0  2.1427558450626243e-08
16062500.0  2.142313907249155e-08
16125000.0  2.1418729453793264e-08
16187500.0  2.141432966459902e-08
16250000.0  2.1409939773470344e-08
16312500.0  2.140555984747722e-08
16375000.0  2.1401189952212937e-08
16437500.0  2.1396830151808625e-08
16500000.0  2.1392480508947983e-08
16562500.0  2.1388141084881974e-08
16625000.0  2.1383811939443415e-08
16687500.0  2.1379493131061607e-08
16750000.0  2.1375184716776813e-08
16812500.0  2.1370886752255086e-08
16875000.0  2.1366599291802463e-08
16937500.0  2.1362322388379697e-08
17000000.0  2.135805609361661e-08
17062500.0  2.135380045782648e-08
17125000.0  2.1349555530020576e-08
17187500.0  2.134532135792239e-08
17250000.0  2.134109798798173e-08
17312500.0  2.1336885465389406e-08
17375000.0  2.1332683834090924e-08
17437500.0  2.1328493136800922e-08
17500000.0  2.1324313415017272e-08
17562500.0  2.13201447090348e-08
17625000.0  2.1315987057959635e-08
17687500.0  2.1311840499722785e-08
17750000.0  2.1307705071094106e-08
17812500.0  2.1303580807696196e-08
17875000.0  2.1299467744017837e-08
17937500.0  2.1295365913427774e-08
18000000.0  2.1291275348188272e-08
18062500.0  2.128719607946871e-08
18125000.0  2.1283128137358764e-08
18187500.0  2.1279071550881934e-08
18250000.0  2.1275026348008842e-08
18312500.0  2.1270992555670197e-08
18375000.0  2.126697019977021e-08
18437500.0  2.126295930519946e-08
18500000.0  2.12589598958478e-08
18562500.0  2.1254971994617336e-08
18625000.0  2.1250995623435285e-08
18687500.0  2.1247030803266405e-08
18750000.0  2.1243077554125988e-08
18812500.0  2.1239135895092077e-08
18875000.0  2.123520584431809e-08
18937500.0  2.1231287419045144e-08
19000000.0  2.1227380635614282e-08
19062500.0  2.122348550947881e-08
19125000.0  2.1219602055216152e-08
19187500.0  2.1215730286540105e-08
19250000.0  2.1211870216312528e-08
19312500.0  2.1208021856555464e-08
19375000.0  2.120418521846243e-08
19437500.0  2.1200360312410583e-08
19500000.0  2.1196547147971788e-08
19562500.0  2.1192745733924434e-08
19625000.0  2.1188956078264615e-08
19687500.0  2.1185178188217356e-08
19750000.0  2.1181412070248028e-08
19812500.0  2.1177657730073092e-08
19875000.0  2.1173915172671376e-08
19937500.0  2.1170184402294774e-08
20000000.0  2.116646542247917e-08
20062500.0  2.1162758236055054e-08
20125000.0  2.1159062845158157e-08
20187500.0  2.1155379251239953e-08
20250000.0  2.1151707455078108e-08
20312500.0  2.114804745678678e-08
20375000.0  2.1144399255826792e-08
20437500.0  2.1140762851015842e-08
20500000.0  2.113713824053846e-08
20562500.0  2.1133525421956e-08
20625000.0  2.1129924392216515e-08
20687500.0  2.1126335147664333e-08
20750000.0  2.112275768405002e-08
20812500.0  2.1119191996539543e-08
20875000.0  2.1115638079724113e-08
20937500.0  2.1112095927629305e-08
21000000.0  2.1108565533724404e-08
21062500.0  2.110504689093158e-08
21125000.0  2.1101539991635078e-08
21187500.0  2.1098044827689976e-08
21250000.0  2.109456139043141e-08
21312500.0  2.1091089670683075e-08
21375000.0  2.108762965876605e-08
21437500.0  2.1084181344507623e-08
21500000.0  2.1080744717249358e-08
21562500.0  2.10773197658561e-08
21625000.0  2.1073906478723868e-08
21687500.0  2.107050484378831e-08
21750000.0  2.1067114848532923e-08
21812500.0  2.106373647999694e-08
21875000.0  2.106036972478362e-08
21937500.0  2.1057014569067756e-08
22000000.0  2.105367099860377e-08
22062500.0  2.1050338998733503e-08
22125000.0  2.104701855439346e-08
22187500.0  2.1043709650122774e-08
22250000.0  2.104041227007049e-08
22312500.0  2.1037126398002907e-08
22375000.0  2.1033852017310952e-08
22437500.0  2.1030589111017336e-08
22500000.0  2.1027337661783627e-08
22562500.0  2.1024097651917486e-08
22625000.0  2.1020869063379404e-08
22687500.0  2.1017651877789598e-08
22750000.0  2.101444607643493e-08
22812500.0  2.1011251640275543e-08
22875000.0  2.1008068549951434e-08
22937500.0  2.1004896785789036e-08
23000000.0  2.1001736327807736e-08
23062500.0  2.0998587155726226e-08
23125000.0  2.0995449248968733e-08
23187500.0  2.0992322586671325e-08
23250000.0  2.0989207147688115e-08
23312500.0  2.09861029105972e-08
23375000.0  2.0983009853706776e-08
23437500.0  2.097992795506091e-08
23500000.0  2.0976857192445615e-08
23562500.0  2.0973797543394325e-08
23625000.0  2.097074898519395e-08
23687500.0  2.096771149489012e-08
23750000.0  2.096468504929305e-08
23812500.0  2.0961669624982714e-08
23875000.0  2.0958665198314654e-08
23937500.0  2.0955671745424907e-08
24000000.0  2.0952689242235458e-08
24062500.0  2.094971766445946e-08
24125000.0  2.0946756987606284e-08
24187500.0  2.0943807186986696e-08
24250000.0  2.0940868237717613e-08
24312500.0  2.093794011472726e-08
24375000.0  2.0935022792759972e-08
24437500.0  2.093211624638081e-08
24500000.0  2.092922044998058e-08
24562500.0  2.092633537778019e-08
24625000.0  2.0923461003835424e-08
24687500.0  2.0920597302041437e-08
24750000.0  2.0917744246137207e-08
24812500.0  2.091490180971005e-08
24875000.0  2.0912069966199645e-08
24937500.0  2.0909248688902697e-08
25000000.0  2.0906437950976935e-08
25062500.0  2.0903637725445285e-08
25125000.0  2.090084798520012e-08
25187500.0  2.0898068703007073e-08
25250000.0  2.0895299851509247e-08
25312500.0  2.0892541403230948e-08
25375000.0  2.088979333058177e-08
25437500.0  2.0887055605860093e-08
25500000.0  2.0884328201257204e-08
25562500.0  2.0881611088860754e-08
25625000.0  2.087890424065847e-08
25687500.0  2.0876207628541772e-08
25750000.0  2.0873521224309315e-08
25812500.0  2.0870844999670394e-08
25875000.0  2.0868178926248523e-08
25937500.0  2.086552297558468e-08
26000000.0  2.0862877119140736e-08
26062500.0  2.086024132830261e-08
26125000.0  2.08576155743837e-08
26187500.0  2.08549998286279e-08
26250000.0  2.0852394062212744e-08
26312500.0  2.0849798246252595e-08
26375000.0  2.0847212351801605e-08
26437500.0  2.0844636349856638e-08
26500000.0  2.0842070211360338e-08
26562500.0  2.0839513907204024e-08
26625000.0  2.083696740823045e-08
26687500.0  2.0834430685236616e-08
26750000.0  2.083190370897662e-08
26812500.0  2.0829386450164284e-08
26875000.0  2.082687887947582e-08
26937500.0  2.082438096755263e-08
27000000.0  2.082189268500365e-08
27062500.0  2.0819414002408028e-08
27125000.0  2.0816944890317604e-08
27187500.0  2.0814485319259416e-08
27250000.0  2.0812035259738043e-08
27312500.0  2.0809594682238047e-08
27375000.0  2.0807163557226214e-08
27437500.0  2.0804741855154025e-08
27500000.0  2.080232954645984e-08
27562500.0  2.0799926601571022e-08
27625000.0  2.07975329909063e-08
27687500.0  2.0795148684877747e-08
27750000.0  2.0792773653893166e-08
27812500.0  2.0790407868357733e-08
27875000.0  2.0788051298676417e-08
27937500.0  2.078570391525598e-08
28000000.0  2.0783365688506604e-08
28062500.0  2.078103658884417e-08
28125000.0  2.0778716586692106e-08
28187500.0  2.0776405652483055e-08
28250000.0  2.0774103756660935e-08
28312500.0  2.077181086968267e-08
28375000.0  2.0769526962019908e-08
28437500.0  2.076725200416083e-08
28500000.0  2.0764985966611807e-08
28562500.0  2.076272881989912e-08
28625000.0  2.0760480534570652e-08
28687500.0  2.0758241081197204e-08
28750000.0  2.0756010430374586e-08
28812500.0  2.075378855272479e-08
28875000.0  2.0751575418897583e-08
28937500.0  2.0749370999572154e-08
29000000.0  2.0747175265458365e-08
29062500.0  2.0744988187298368e-08
29125000.0  2.074280973586797e-08
29187500.0  2.0740639881977977e-08
29250000.0  2.0738478596475635e-08
29312500.0  2.073632585024585e-08
29375000.0  2.0734181614212605e-08
29437500.0  2.0732045859340205e-08
29500000.0  2.0729918556634512e-08
29562500.0  2.0727799677144165e-08
29625000.0  2.0725689191961846e-08
29687500.0  2.0723587072225472e-08
29750000.0  2.072149328911922e-08
29812500.0  2.071940781387478e-08
29875000.0  2.0717330617772524e-08
29937500.0  2.071526167214238e-08
30000000.0  2.0713200948365103e-08
30062500.0  2.0711148417873246e-08
30125000.0  2.070910405215214e-08
30187500.0  2.0707067822740932e-08
30250000.0  2.070503970123364e-08
30312500.0  2.070301965927991e-08
30375000.0  2.0701007668586174e-08
30437500.0  2.0699003700916432e-08
30500000.0  2.0697007728093132e-08
30562500.0  2.0695019721998143e-08
30625000.0  2.0693039654573567e-08
30687500.0  2.0691067497822592e-08
30750000.0  2.068910322381017e-08
30812500.0  2.0687146804664007e-08
30875000.0  2.0685198212575312e-08
30937500.0  2.068325741979942e-08
31000000.0  2.0681324398656684e-08
31062500.0  2.067939912153317e-08
31125000.0  2.0677481560881264e-08
31187500.0  2.067557168922045e-08
31250000.0  2.067366947913804e-08
31312500.0  2.0671774903289744e-08
31375000.0  2.0669887934400173e-08
31437500.0  2.0668008545263877e-08
31500000.0  2.066613670874555e-08
31562500.0  2.0664272397780744e-08
31625000.0  2.0662415585376535e-08
31687500.0  2.0660566244612054e-08
31750000.0  2.0658724348638855e-08
31812500.0  2.0656889870681775e-08
31875000.0  2.0655062784039172e-08
31937500.0  2.0653243062083506e-08
32000000.0  2.0651430678261966e-08
32062500.0  2.0649625606096648e-08
32125000.0  2.0647827819185414e-08
32187500.0  2.0646037291201914e-08
32250000.0  2.0644253995896408e-08
32312500.0  2.0642477907095872e-08
32375000.0  2.064070899870465e-08
32437500.0  2.063894724470472e-08
32500000.0  2.063719261915603e-08
32562500.0  2.0635445096197074e-08
32625000.0  2.0633704650045032e-08
32687500.0  2.063197125499621e-08
32750000.0  2.063024488542646e-08
32812500.0  2.0628525515791356e-08
32875000.0  2.0626813120626524e-08
32937500.0  2.0625107674548106e-08
33000000.0  2.0623409152252865e-08
33062500.0  2.0621717528518506e-08
33125000.0  2.0620032778204154e-08
33187500.0  2.0618354876250227e-08
33250000.0  2.0616683797679028e-08
33312500.0  2.0615019517594735e-08
33375000.0  2.0613362011183965e-08
33437500.0  2.061171125371553e-08
33500000.0  2.06100672205411e-08
33562500.0  2.0608429887095127e-08
33625000.0  2.060679922889503e-08
33687500.0  2.060517522154158e-08
33750000.0  2.0603557840718934e-08
33812500.0  2.0601947062194762e-08
33875000.0  2.0600342861820504e-08
33937500.0  2.0598745215531487e-08
34000000.0  2.0597154099347017e-08
34062500.0  2.0595569489370615e-08
34125000.0  2.0593991361789943e-08
34187500.0  2.059241969287719e-08
34250000.0  2.059085445898896e-08
34312500.0  2.05892956365665e-08
34375000.0  2.05877432021357e-08
34437500.0  2.058619713230722e-08
34500000.0  2.0584657403776634e-08
34562500.0  2.0583123993324394e-08
34625000.0  2.0581596877815894e-08
34687500.0  2.0580076034201682e-08
34750000.0  2.0578561439517284e-08
34812500.0  2.057705307088346e-08
34875000.0  2.057555090550608e-08
34937500.0  2.0574054920676252e-08
35000000.0  2.0572565093770328e-08
35062500.0  2.05710814022499e-08
35125000.0  2.056960382366174e-08
35187500.0  2.0568132335638064e-08
35250000.0  2.056666691589623e-08
35312500.0  2.056520754223888e-08
35375000.0  2.056375419255394e-08
35437500.0  2.0562306844814572e-08
35500000.0  2.056086547707911e-08
35562500.0  2.0559430067491192e-08
35625000.0  2.055800059427952e-08
35687500.0  2.05565770357579e-08
35750000.0  2.0555159370325364e-08
35812500.0  2.055374757646578e-08
35875000.0  2.0552341632748273e-08
35937500.0  2.0550941517826602e-08
36000000.0  2.0549547210439608e-08
36062500.0  2.0548158689410787e-08
36125000.0  2.0546775933648564e-08
36187500.0  2.054539892214582e-08
36250000.0  2.0544027633980144e-08
36312500.0  2.05426620483136e-08
36375000.0  2.0541302144392676e-08
36437500.0  2.053994790154818e-08
36500000.0  2.0538599299195166e-08
36562500.0  2.0537256316832786e-08
36625000.0  2.0535918934044225e-08
36687500.0  2.053458713049666e-08
36750000.0  2.0533260885941058e-08
36812500.0  2.053194018021208e-08
36875000.0  2.0530624993228015e-08
36937500.0  2.052931530499056e-08
37000000.0  2.052801109558486e-08
37062500.0  2.052671234517917e-08
37125000.0  2.0525419034024967e-08
37187500.0  2.05241311424566e-08
37250000.0  2.0522848650891317e-08
37312500.0  2.0521571539828986e-08
37375000.0  2.0520299789852162e-08
37437500.0  2.0519033381625643e-08
37500000.0  2.051777229589662e-08
37562500.0  2.0516516513494397e-08
37625000.0  2.051526601533009e-08
37687500.0  2.0514020782396836e-08
37750000.0  2.051278079576936e-08
37812500.0  2.0511546036603797e-08
37875000.0  2.0510316486137796e-08
37937500.0  2.0509092125689947e-08
38000000.0  2.0507872936660077e-08
38062500.0  2.050665890052872e-08
38125000.0  2.0505449998857196e-08
38187500.0  2.050424621328713e-08
38250000.0  2.0503047525540692e-08
38312500.0  2.0501853917420078e-08
38375000.0  2.0500665370807475e-08
38437500.0  2.0499481867664924e-08
38500000.0  2.049830339003404e-08
38562500.0  2.049712992003582e-08
38625000.0  2.0495961439870636e-08
38687500.0  2.0494797931817717e-08
38750000.0  2.0493639378235444e-08
38812500.0  2.0492485761560624e-08
38875000.0  2.0491337064308673e-08
38937500.0  2.04901932690733e-08
39000000.0  2.0489054358526296e-08
39062500.0  2.0487920315417406e-08
39125000.0  2.048679112257402e-08
39187500.0  2.048566676290111e-08
39250000.0  2.0484547219380914e-08
39312500.0  2.0483432475072832e-08
39375000.0  2.0482322513113148e-08
39437500.0  2.048121731671484e-08
39500000.0  2.0480116869167403e-08
39562500.0  2.0479021153836676e-08
39625000.0  2.0477930154164566e-08
39687500.0  2.047684385366884e-08
39750000.0  2.047576223594299e-08
39812500.0  2.0474685284655955e-08
39875000.0  2.0473612983551968e-08
39937500.0  2.0472545316450237e-08
40000000.0  2.0471482267244917e-08
40062500.0  2.0470423819904702e-08
40125000.0  2.046936995847273e-08
40187500.0  2.046832066706642e-08
40250000.0  2.0467275929876984e-08
40312500.0  2.046623573116964e-08
40375000.0  2.0465200055282994e-08
40437500.0  2.0464168886629045e-08
40500000.0  2.0463142209692904e-08
40562500.0  2.0462120009032663e-08
40625000.0  2.046110226927898e-08
40687500.0  2.0460088975135078e-08
40750000.0  2.0459080111376383e-08
40812500.0  2.045807566285037e-08
40875000.0  2.0457075614476306e-08
40937500.0  2.0456079951245115e-08
41000000.0  2.045508865821901e-08
41062500.0  2.045410172053141e-08
41125000.0  2.04531191233866e-08
41187500.0  2.0452140852059673e-08
41250000.0  2.0451166891896136e-08
41312500.0  2.0450197228311773e-08
41375000.0  2.0449231846792464e-08
41437500.0  2.0448270732893824e-08
41500000.0  2.0447313872241152e-08
41562500.0  2.044636125052907e-08
41625000.0  2.0445412853521396e-08
41687500.0  2.0444468667050795e-08
41750000.0  2.0443528677018757e-08
41812500.0  2.0442592869395228e-08
41875000.0  2.0441661230218416e-08
41937500.0  2.044073374559444e-08
42000000.0  2.0439810401697486e-08
42062500.0  2.0438891184769163e-08
42125000.0  2.0437976081118423e-08
42187500.0  2.04370650771216e-08
42250000.0  2.0436158159221643e-08
42312500.0  2.0435255313928515e-08
42375000.0  2.0434356527818427e-08
42437500.0  2.0433461787533975e-08
42500000.0  2.0432571079783758e-08
42562500.0  2.0431684391342194e-08
42625000.0  2.043080170904936e-08
42687500.0  2.0429923019810612e-08
42750000.0  2.0429048310596532e-08
42812500.0  2.0428177568442596e-08
42875000.0  2.0427310780449118e-08
42937500.0  2.042644793378059e-08
43000000.0  2.0425589015666197e-08
43062500.0  2.0424734013398844e-08
43125000.0  2.042388291433543e-08
43187500.0  2.0423035705896507e-08
43250000.0  2.042219237556587e-08
43312500.0  2.042135291089056e-08
43375000.0  2.0420517299480648e-08
43437500.0  2.04196855290089e-08
43500000.0  2.0418857587210587e-08
43562500.0  2.0418033461883296e-08
43625000.0  2.041721314088665e-08
43687500.0  2.0416396612142326e-08
43750000.0  2.041558386363341e-08
43812500.0  2.0414774883404666e-08
43875000.0  2.041396965956194e-08
43937500.0  2.041316818027214e-08
44000000.0  2.0412370433762978e-08
44062500.0  2.041157640832275e-08
44125000.0  2.041078609230003e-08
44187500.0  2.0409999474103798e-08
44250000.0  2.0409216542202724e-08
44312500.0  2.0408437285125342e-08
44375000.0  2.0407661691459694e-08
44437500.0  2.040688974985313e-08
44500000.0  2.0406121449012132e-08
44562500.0  2.0405356777702037e-08
44625000.0  2.0404595724746926e-08
44687500.0  2.0403838279029282e-08
44750000.0  2.0403084429489966e-08
44812500.0  2.0402334165127786e-08
44875000.0  2.0401587474999487e-08
44937500.0  2.0400844348219432e-08
45000000.0  2.0400104773959465e-08
45062500.0  2.039936874144868e-08
45125000.0  2.039863623997313e-08
45187500.0  2.0397907258875803e-08
45250000.0  2.0397181787556264e-08
45312500.0  2.0396459815470478e-08
45375000.0  2.039574133213074e-08
45437500.0  2.0395026327105284e-08
45500000.0  2.0394314790018165e-08
45562500.0  2.039360671054917e-08
45625000.0  2.0392902078433432e-08
45687500.0  2.0392200883461306e-08
45750000.0  2.0391503115478207e-08
45812500.0  2.0390808764384408e-08
45875000.0  2.0390117820134745e-08
45937500.0  2.0389430272738623e-08
46000000.0  2.0388746112259576e-08
46062500.0  2.0388065328815326e-08
46125000.0  2.038738791257722e-08
46187500.0  2.0386713853770605e-08
46250000.0  2.038604314267402e-08
46312500.0  2.0385375769619444e-08
46375000.0  2.0384711724991918e-08
46437500.0  2.0384050999229325e-08
46500000.0  2.038339358282239e-08
46562500.0  2.0382739466314243e-08
46625000.0  2.0382088640300486e-08
46687500.0  2.0381441095428704e-08
46750000.0  2.0380796822398615e-08
46812500.0  2.038015581196163e-08
46875000.0  2.037951805492074e-08
46937500.0  2.037888354213045e-08
47000000.0  2.037825226449638e-08
47062500.0  2.037762421297529e-08
47125000.0  2.0376999378574723e-08
47187500.0  2.0376377752353002e-08
47250000.0  2.037575932541888e-08
47312500.0  2.0375144088931453e-08
47375000.0  2.0374532034099996e-08
47437500.0  2.0373923152183706e-08
47500000.0  2.037331743449165e-08
47562500.0  2.0372714872382398e-08
47625000.0  2.0372115457264072e-08
47687500.0  2.0371519180593993e-08
47750000.0  2.037092603387852e-08
47812500.0  2.0370336008673145e-08
47875000.0  2.0369749096581836e-08
47937500.0  2.0369165289257356e-08
48000000.0  2.0368584578400764e-08
48062500.0  2.036800695576134e-08
48125000.0  2.036743241313649e-08
48187500.0  2.036686094237148e-08
48250000.0  2.036629253535931e-08
48312500.0  2.0365727184040534e-08
48375000.0  2.0365164880403147e-08
48437500.0  2.036460561648232e-08
48500000.0  2.0364049384360326e-08
48562500.0  2.0363496176166294e-08
48625000.0  2.0362945984076232e-08
48687500.0  2.036239880031251e-08
48750000.0  2.0361854617144063e-08
48812500.0  2.0361313426886053e-08
48875000.0  2.0360775221899763e-08
48937500.0  2.03602399945923e-08
49000000.0  2.0359707737416753e-08
49062500.0  2.035917844287163e-08
49125000.0  2.035865210350103e-08
49187500.0  2.035812871189428e-08
49250000.0  2.0357608260686003e-08
49312500.0  2.035709074255564e-08
49375000.0  2.035657615022764e-08
49437500.0  2.0356064476471016e-08
49500000.0  2.0355555714099422e-08
49562500.0  2.0355049855970867e-08
49625000.0  2.035454689498765e-08
49687500.0  2.0354046824096122e-08
49750000.0  2.035354963628652e-08
49812500.0  2.0353055324593006e-08
49875000.0  2.0352563882093345e-08
49937500.0  2.035207530190876e-08
50000000.0  2.0351589577203925e-08
50062500.0  2.0351106701186638e-08
50125000.0  2.0350626667107858e-08
50187500.0  2.0350149468261397e-08
50250000.0  2.0349675097983917e-08
50312500.0  2.0349203549654676e-08
50375000.0  2.0348734816695506e-08
50437500.0  2.0348268892570558e-08
50500000.0  2.034780577078619e-08
50562500.0  2.034734544489099e-08
50625000.0  2.034688790847527e-08
50687500.0  2.0346433155171365e-08
50750000.0  2.0345981178653224e-08
50812500.0  2.0345531972636308e-08
50875000.0  2.034508553087755e-08
50937500.0  2.0344641847175086e-08
51000000.0  2.0344200915368354e-08
51062500.0  2.0343762729337607e-08
51125000.0  2.034332728300416e-08
51187500.0  2.034289457033004e-08
51250000.0  2.0342464585317816e-08
51312500.0  2.034203732201065e-08
51375000.0  2.034161277449204e-08
51437500.0  2.0341190936885757e-08
51500000.0  2.0340771803355686e-08
51562500.0  2.0340355368105666e-08
51625000.0  2.0339941625379393e-08
51687500.0  2.0339530569460487e-08
51750000.0  2.0339122194671988e-08
51812500.0  2.0338716495376542e-08
51875000.0  2.0338313465976145e-08
51937500.0  2.0337913100912023e-08
52000000.0  2.0337515394664583e-08
52062500.0  2.0337120341753347e-08
52125000.0  2.033672793673656e-08
52187500.0  2.033633817421143e-08
52250000.0  2.0335951048813677e-08
52312500.0  2.033556655521767e-08
52375000.0  2.0335184688136262e-08
52437500.0  2.0334805442320516e-08
52500000.0  2.033442881255984e-08
52562500.0  2.0334054793681594e-08
52625000.0  2.0333683380551307e-08
52687500.0  2.0333314568072213e-08
52750000.0  2.0332948351185436e-08
52812500.0  2.033258472486973e-08
52875000.0  2.0332223684141323e-08
52937500.0  2.0331865224054058e-08
53000000.0  2.0331509339698942e-08
53062500.0  2.0331156026204353e-08
53125000.0  2.0330805278735613e-08
53187500.0  2.0330457092495264e-08
53250000.0  2.0330111462722644e-08
53312500.0  2.0329768384693962e-08
53375000.0  2.032942785372209e-08
53437500.0  2.0329089865156545e-08
53500000.0  2.0328754414383302e-08
53562500.0  2.032842149682483e-08
53625000.0  2.032809110793983e-08
53687500.0  2.0327763243223263e-08
53750000.0  2.0327437898206136e-08
53812500.0  2.03271150684556e-08
53875000.0  2.0326794749574568e-08
53937500.0  2.0326476937201844e-08
54000000.0  2.0326161627012014e-08
54062500.0  2.0325848814715203e-08
54125000.0  2.03255384960572e-08
54187500.0  2.0325230666819067e-08
54250000.0  2.0324925322817363e-08
54312500.0  2.0324622459903878e-08
54375000.0  2.0324322073965614e-08
54437500.0  2.0324024160924516e-08
54500000.0  2.0323728716737667e-08
54562500.0  2.0323435737397025e-08
54625000.0  2.032314521892941e-08
54687500.0  2.0322857157396172e-08
54750000.0  2.032257154889364e-08
54812500.0  2.0322288389552425e-08
54875000.0  2.0322007675537744e-08
54937500.0  2.03217294030492e-08
55000000.0  2.0321453568320696e-08
55062500.0  2.03211801676203e-08
55125000.0  2.0320909197250393e-08
55187500.0  2.0320640653547228e-08
55250000.0  2.0320374532881185e-08
55312500.0  2.0320110831656488e-08
55375000.0  2.0319849546311264e-08
55437500.0  2.031959067331726e-08
55500000.0  2.031933420918003e-08
55562500.0  2.0319080150438634e-08
55625000.0  2.031882849366574e-08
55687500.0  2.0318579235467387e-08
55750000.0  2.0318332372482997e-08
55812500.0  2.031808790138531e-08
55875000.0  2.0317845818880322e-08
55937500.0  2.0317606121707124e-08
56000000.0  2.0317368806637977e-08
56062500.0  2.0317133870478057e-08
56125000.0  2.0316901310065494e-08
56187500.0  2.0316671122271393e-08
56250000.0  2.0316443303999543e-08
56312500.0  2.0316217852186505e-08
56375000.0  2.0315994763801597e-08
56437500.0  2.0315774035846625e-08
56500000.0  2.0315555665355956e-08
56562500.0  2.0315339649396453e-08
56625000.0  2.0315125985067435e-08
56687500.0  2.031491466950048e-08
56750000.0  2.031470569985948e-08
56812500.0  2.0314499073340565e-08
56875000.0  2.0314294787171978e-08
56937500.0  2.0314092838614113e-08
57000000.0  2.0313893224959412e-08
57062500.0  2.0313695943532196e-08
57125000.0  2.0313500991688822e-08
57187500.0  2.031330836681742e-08
57250000.0  2.031311806633796e-08
57312500.0  2.031293008770219e-08
57375000.0  2.031274442839357e-08
57437500.0  2.0312561085926996e-08
57500000.0  2.03123800578492e-08
57562500.0  2.031220134173833e-08
57625000.0  2.031202493520399e-08
57687500.0  2.0311850835887217e-08
57750000.0  2.031167904146049e-08
57812500.0  2.031150954962748e-08
57875000.0  2.0311342358123243e-08
57937500.0  2.0311177464713985e-08
58000000.0  2.0311014867197123e-08
58062500.0  2.031085456340112e-08
58125000.0  2.0310696551185625e-08
58187500.0  2.031054082844122e-08
58250000.0  2.0310387393089547e-08
58312500.0  2.0310236243083077e-08
58375000.0  2.0310087376405255e-08
58437500.0  2.0309940791070356e-08
58500000.0  2.030979648512348e-08
58562500.0  2.030965445664036e-08
58625000.0  2.0309514703727607e-08
58687500.0  2.0309377224522436e-08
58750000.0  2.0309242017192672e-08
58812500.0  2.0309109079936774e-08
58875000.0  2.0308978410983704e-08
58937500.0  2.030885000859302e-08
59000000.0  2.0308723871054667e-08
59062500.0  2.030859999668912e-08
59125000.0  2.030847838384718e-08
59187500.0  2.0308359030910036e-08
59250000.0  2.0308241936289183e-08
59312500.0  2.0308127098426502e-08
59375000.0  2.0308014515794013e-08
59437500.0  2.030790418689406e-08
59500000.0  2.0307796110259123e-08
59562500.0  2.0307690284451838e-08
59625000.0  2.0307586708065078e-08
59687500.0  2.0307485379721615e-08
59750000.0  2.030738629807448e-08
59812500.0  2.0307289461806675e-08
59875000.0  2.0307194869631168e-08
59937500.0  2.0307102520290984e-08
60000000.0  2.0307012412559062e-08
60062500.0  2.030692454523827e-08
60125000.0  2.0306838917161368e-08
60187500.0  2.0306755527190966e-08
60250000.0  2.0306674374219652e-08
60312500.0  2.0306595457169702e-08
60375000.0  2.03065187749932e-08
60437500.0  2.0306444326672096e-08
60500000.0  2.0306372111218033e-08
60562500.0  2.030630212767239e-08
60625000.0  2.0306234375106296e-08
60687500.0  2.0306168852620593e-08
60750000.0  2.0306105559345635e-08
60812500.0  2.030604449444165e-08
60875000.0  2.0305985657098344e-08
60937500.0  2.0305929046535183e-08
61000000.0  2.0305874662001055e-08
61062500.0  2.030582250277459e-08
61125000.0  2.030577256816385e-08
61187500.0  2.030572485750657e-08
61250000.0  2.0305679370169995e-08
61312500.0  2.0305636105550847e-08
61375000.0  2.0305595063075364e-08
61437500.0  2.0305556242199344e-08
61500000.0  2.0305519642407984e-08
61562500.0  2.0305485263216092e-08
61625000.0  2.0305453104167765e-08
61687500.0  2.0305423164836656e-08
61750000.0  2.0305395444825893e-08
61812500.0  2.0305369943767935e-08
61875000.0  2.03053466613248e-08
61937500.0  2.0305325597187785e-08
62000000.0  2.0305306751077767e-08
62062500.0  2.0305290122744837e-08
62125000.0  2.0305275711968628e-08
62187500.0  2.0305263518558136e-08
62250000.0  2.030525354235174e-08
62312500.0  2.0305245783217244e-08
62375000.0  2.030524024105179e-08
62437500.0  2.0305236915781835e-08
