1.0  4.1336203304751744e-07
2.0  5.468139080822348e-07
3.0  5.468139080822225e-07
4.0  5.46813908082234e-07
5.0  5.468139080822423e-07
6.0  5.46813908082247e-07
7.0  5.468139080822346e-07
8.0  5.468139080822423e-07
9.0  5.46813908082242e-07
10.0  5.468139080822318e-07
11.0  5.468139080822302e-07
12.0  5.468139080822359e-07
13.0  5.468139080822374e-07
14.0  5.468139080822347e-07
15.0  5.468139080822439e-07
16.0  5.468139080822297e-07
17.0  5.468139080822311e-07
18.0  5.468139080822384e-07
19.0  5.468139080822381e-07
20.0  5.468139080822386e-07
21.0  5.468139080822547e-07
23.0  5.468139080260879e-07
24.0  5.468139080822273e-07
26.0  5.468139080260661e-07
27.0  5.468139080822298e-07
29.0  5.46813908026071e-07
30.0  5.468139080822187e-07
32.0  5.468139080260606e-07
34.0  5.468139080260619e-07
36.0  5.468139080260724e-07
38.0  5.468139080260728e-07
41.0  5.468139079699059e-07
43.0  5.468139080260516e-07
46.0  5.468139079698837e-07
48.0  5.468139080260583e-07
51.0  5.468139079698892e-07
54.0  5.468139079698887e-07
57.0  5.468139079698918e-07
61.0  5.468139079137323e-07
64.0  5.468139079699007e-07
68.0  5.46813907913726e-07
72.0  5.468139079137222e-07
77.0  5.468139078575669e-07
81.0  5.468139079137401e-07
86.0  5.468139078575667e-07
91.0  5.468139078575707e-07
97.0  5.468139078014042e-07
102.0  5.468139078575682e-07
108.0  5.468139078014143e-07
115.0  5.468139077452395e-07
122.0  5.468139077452279e-07
129.0  5.468139077452485e-07
137.0  5.468139076890727e-07
145.0  5.468139076890833e-07
153.0  5.468139076890835e-07
163.0  5.468139075767652e-07
172.0  5.468139076329149e-07
183.0  5.468139075205945e-07
193.0  5.468139075767718e-07
205.0  5.468139074644124e-07
217.0  5.468139074643945e-07
230.0  5.468139074082214e-07
244.0  5.468139073520591e-07
258.0  5.468139073520529e-07
274.0  5.468139072397312e-07
290.0  5.468139072397399e-07
307.0  5.468139071835781e-07
326.0  5.468139070712376e-07
345.0  5.468139070712143e-07
365.0  5.468139070150529e-07
387.0  5.468139069027135e-07
410.0  5.46813906846544e-07
435.0  5.468139067341984e-07
461.0  5.468139066780057e-07
488.0  5.468139066218557e-07
517.0  5.468139065094696e-07
548.0  5.468139063971342e-07
581.0  5.468139062847742e-07
615.0  5.46813906228597e-07
652.0  5.468139060600674e-07
691.0  5.468139059476987e-07
732.0  5.46813905835363e-07
775.0  5.468139057229763e-07
821.0  5.468139055544191e-07
870.0  5.468139053858824e-07
922.0  5.468139052172948e-07
977.0  5.468139050487681e-07
1035.0  5.468139048802069e-07
1097.0  5.468139046554468e-07
1162.0  5.468139044868915e-07
1232.0  5.468139042059215e-07
1305.0  5.468139040373655e-07
1383.0  5.468139037563549e-07
1465.0  5.4681390353155e-07
1552.0  5.46813903250563e-07
1645.0  5.468139029133707e-07
1743.0  5.468139026323458e-07
1846.0  5.468139023512817e-07
1956.0  5.46813901957832e-07
2073.0  5.468139015643347e-07
2196.0  5.468139012270402e-07
2327.0  5.46813900777335e-07
2466.0  5.468139003275256e-07
2613.0  5.468138998777221e-07
2768.0  5.468138994278515e-07
2933.0  5.468138988655447e-07
3108.0  5.46813898303175e-07
3293.0  5.468138977407294e-07
3489.0  5.4681389712202e-07
3697.0  5.4681389644701e-07
3917.0  5.468138957719247e-07
4150.0  5.468138950405051e-07
4398.0  5.468138941964897e-07
4660.0  5.468138934086126e-07
4937.0  5.468138925643343e-07
5231.0  5.468138916074577e-07
5543.0  5.46813890594148e-07
5873.0  5.468138895806329e-07
6223.0  5.468138884544029e-07
6593.0  5.468138873278881e-07
6986.0  5.468138860323084e-07
7402.0  5.46813884736448e-07
7843.0  5.468138833276234e-07
8310.0  5.468138818621509e-07
8805.0  5.468138802836688e-07
9329.0  5.46813878648346e-07
9885.0  5.468138768435672e-07
10474.0  5.468138749818365e-07
11098.0  5.468138730067273e-07
11758.0  5.468138709744803e-07
12459.0  5.468138686596947e-07
13201.0  5.468138663437981e-07
13987.0  5.468138638576739e-07
14820.0  5.468138612011977e-07
15703.0  5.468138583741379e-07
16638.0  5.468138554326281e-07
17629.0  5.468138522636503e-07
18679.0  5.468138489233624e-07
19792.0  5.468138453550054e-07
20970.0  5.468138416711095e-07
22219.0  5.468138376455754e-07
23543.0  5.468138333907579e-07
24945.0  5.468138289626706e-07
26431.0  5.468138241913752e-07
28005.0  5.468138191891836e-07
29673.0  5.468138138423424e-07
31440.0  5.468138082066832e-07
33313.0  5.468138021681641e-07
35297.0  5.468137958389164e-07
37399.0  5.468137891046753e-07
39627.0  5.468137819075175e-07
41987.0  5.468137743592847e-07
44488.0  5.468137662885064e-07
47138.0  5.46813757749946e-07
49945.0  5.468137487417367e-07
52920.0  5.468137390913165e-07
56072.0  5.468137289095742e-07
59411.0  5.46813718137172e-07
62950.0  5.468137065999751e-07
66699.0  5.468136944652826e-07
70672.0  5.468136815012239e-07
74881.0  5.468136678173236e-07
79341.0  5.4681365323726e-07
84067.0  5.468136377553777e-07
89074.0  5.46769090730166e-07
