1.0  4.186641946112672e-07
2.0  5.544506282862841e-07
3.0  5.544506282862781e-07
4.0  5.544506282862958e-07
5.0  5.544506282862806e-07
6.0  5.544506282862697e-07
7.0  5.544506282862746e-07
8.0  5.544506282862731e-07
9.0  5.544506282862778e-07
10.0  5.544506282862662e-07
11.0  5.544506282862637e-07
12.0  5.544506282862679e-07
13.0  5.544506282862881e-07
14.0  5.544506282862701e-07
15.0  5.544506282862719e-07
16.0  5.544506282862821e-07
17.0  5.544506282862733e-07
18.0  5.544506282862694e-07
19.0  5.544506282862792e-07
20.0  5.544506282862747e-07
21.0  5.544506282862799e-07
23.0  5.544506282070976e-07
24.0  5.544506282862565e-07
26.0  5.544506282070683e-07
27.0  5.544506282862537e-07
29.0  5.544506282070682e-07
30.0  5.544506282862397e-07
32.0  5.544506282070805e-07
34.0  5.544506282070655e-07
36.0  5.544506282070574e-07
38.0  5.544506282070714e-07
41.0  5.544506281278894e-07
43.0  5.544506282070628e-07
46.0  5.544506281278943e-07
48.0  5.544506282070859e-07
51.0  5.544506281279012e-07
54.0  5.544506281279105e-07
57.0  5.544506281278986e-07
61.0  5.544506280487146e-07
64.0  5.544506281279119e-07
68.0  5.54450628048726e-07
72.0  5.544506280487246e-07
77.0  5.544506279695385e-07
81.0  5.544506280487272e-07
86.0  5.544506279695318e-07
91.0  5.544506279695416e-07
97.0  5.544506278903556e-07
102.0  5.544506279695316e-07
108.0  5.54450627890359e-07
115.0  5.544506278111798e-07
122.0  5.544506278111803e-07
129.0  5.544506278111881e-07
137.0  5.544506277319891e-07
145.0  5.544506277319956e-07
153.0  5.544506277319926e-07
163.0  5.544506275736284e-07
172.0  5.544506276528256e-07
183.0  5.544506274944684e-07
193.0  5.544506275736272e-07
205.0  5.544506274152456e-07
217.0  5.544506274152498e-07
230.0  5.544506273360823e-07
244.0  5.544506272568923e-07
258.0  5.544506272569031e-07
274.0  5.54450627098521e-07
290.0  5.544506270985201e-07
307.0  5.544506270193131e-07
326.0  5.544506268609702e-07
345.0  5.544506268609574e-07
365.0  5.544506267817632e-07
387.0  5.544506266233907e-07
410.0  5.544506265442091e-07
435.0  5.544506263858084e-07
461.0  5.544506263066065e-07
488.0  5.544506262273999e-07
517.0  5.544506260690358e-07
548.0  5.54450625910647e-07
581.0  5.544506257522713e-07
615.0  5.544506256730585e-07
652.0  5.544506254354551e-07
691.0  5.544506252770764e-07
732.0  5.544506251186556e-07
775.0  5.544506249602371e-07
821.0  5.544506247226433e-07
870.0  5.544506244850156e-07
922.0  5.5445062424742e-07
977.0  5.544506240097853e-07
1035.0  5.544506237721237e-07
1097.0  5.544506234552708e-07
1162.0  5.544506232176195e-07
1232.0  5.544506228215386e-07
1305.0  5.544506225839228e-07
1383.0  5.544506221877871e-07
1465.0  5.544506218708753e-07
1552.0  5.544506214747274e-07
1645.0  5.544506209993516e-07
1743.0  5.54450620603161e-07
1846.0  5.54450620206974e-07
1956.0  5.544506196523086e-07
2073.0  5.544506190976079e-07
2196.0  5.544506186221183e-07
2327.0  5.544506179880991e-07
2466.0  5.544506173540595e-07
2613.0  5.544506167199204e-07
2768.0  5.544506160857684e-07
2933.0  5.544506152930999e-07
3108.0  5.544506145003038e-07
3293.0  5.544506137074825e-07
3489.0  5.544506128352856e-07
3697.0  5.544506118837394e-07
3917.0  5.544506109320728e-07
4150.0  5.544506099009893e-07
4398.0  5.544506087112986e-07
4660.0  5.544506076006664e-07
4937.0  5.54450606410564e-07
5231.0  5.544506050617387e-07
5543.0  5.54450603633378e-07
5873.0  5.544506022047195e-07
6223.0  5.544506006172182e-07
6593.0  5.544505990293099e-07
6986.0  5.54450597203211e-07
7402.0  5.544505953765677e-07
7843.0  5.544505933908561e-07
8310.0  5.544505913252866e-07
8805.0  5.544505891004194e-07
9329.0  5.544505867955221e-07
9885.0  5.544505842517959e-07
10474.0  5.54450581627808e-07
11098.0  5.544505788440983e-07
11758.0  5.544505759799125e-07
12459.0  5.54450572717538e-07
13201.0  5.544505694537441e-07
13987.0  5.544505659501226e-07
14820.0  5.544505622064737e-07
15703.0  5.544505582224788e-07
16638.0  5.544505540773133e-07
17629.0  5.544505496117661e-07
18679.0  5.544505449049004e-07
19792.0  5.54450539876793e-07
20970.0  5.544505346860813e-07
22219.0  5.54450529014138e-07
23543.0  5.544505230193308e-07
24945.0  5.544505167806952e-07
26431.0  5.544505100587052e-07
28005.0  5.544505030117241e-07
29673.0  5.544504954796009e-07
31440.0  5.544504875409304e-07
33313.0  5.544504790351146e-07
35297.0  5.544504701202966e-07
37399.0  5.544504606355608e-07
39627.0  5.544504504993562e-07
41987.0  5.544504398694721e-07
44488.0  5.544504285042721e-07
47138.0  5.54450416481231e-07
49945.0  5.544504037978628e-07
52920.0  5.544503902111371e-07
56072.0  5.544503758776665e-07
59411.0  5.544503607138664e-07
62950.0  5.544503444749077e-07
66699.0  5.544503273966596e-07
70672.0  5.544503091529097e-07
74881.0  5.544502898982154e-07
79341.0  5.54450269384785e-07
84067.0  5.544502476050027e-07
89074.0  5.544005728886895e-07
