0.0  6.825166420818591e-08
3125.0  9.377781161031363e-08
6250.0  9.377781161031314e-08
9375.0  9.377781161031266e-08
12500.0  9.37778116103132e-08
15625.0  9.377781161031148e-08
18750.0  9.37778116103101e-08
21875.0  9.377781161030936e-08
25000.0  9.377781161030678e-08
28125.0  9.377781161030513e-08
31250.0  9.377781161030214e-08
34375.0  9.377781161029978e-08
37500.0  9.377781161029725e-08
40625.0  9.37778116102937e-08
43750.0  9.377781161029056e-08
46875.0  9.377781161028615e-08
50000.0  9.377781161028248e-08
53125.0  9.377781161027902e-08
56250.0  9.377781161027388e-08
59375.0  9.37778116102691e-08
62500.0  9.377781161026335e-08
65625.0  9.377781161025775e-08
68750.0  9.377781161025265e-08
71875.0  9.37778116102458e-08
75000.0  9.377781161024007e-08
78125.0  9.377781161023308e-08
81250.0  9.377781161022671e-08
84375.0  9.37778116102191e-08
87500.0  9.377781161021263e-08
90625.0  9.377781161020497e-08
93750.0  9.377781161019642e-08
96875.0  9.377781161018808e-08
100000.0  9.377781161018073e-08
103125.0  9.377781161017134e-08
106250.0  9.377781161016251e-08
109375.0  9.37778116101518e-08
112500.0  9.377781161014193e-08
115625.0  9.377781161013281e-08
118750.0  9.377781161012232e-08
121875.0  9.377781161011214e-08
125000.0  9.377781161010106e-08
128125.0  9.377781161009096e-08
131250.0  9.377781161008047e-08
134375.0  9.377781161006767e-08
137500.0  9.377781161005604e-08
140625.0  9.377781161004395e-08
143750.0  9.377781161003196e-08
146875.0  9.377781161001877e-08
150000.0  9.3777811610006e-08
153125.0  9.377781160999223e-08
156250.0  9.37778116099786e-08
159375.0  9.377781160996515e-08
162500.0  9.377781160995022e-08
165625.0  9.377781160993703e-08
168750.0  9.377781160992223e-08
171875.0  9.377781160990847e-08
175000.0  9.377781160989207e-08
178125.0  9.377781160987632e-08
181250.0  9.377781160986038e-08
184375.0  9.377781160984483e-08
187500.0  9.37778116098278e-08
190625.0  9.377781160981243e-08
193750.0  9.377781160979491e-08
196875.0  9.37778116097774e-08
200000.0  9.37778116097602e-08
203125.0  9.377781160974243e-08
206250.0  9.377781160972474e-08
209375.0  9.37778116097067e-08
212500.0  9.37778116096881e-08
215625.0  9.377781160966939e-08
218750.0  9.377781160964971e-08
221875.0  9.37778116096308e-08
225000.0  9.377781160960998e-08
228125.0  9.377781160959092e-08
231250.0  9.377781160957054e-08
234375.0  9.377781160955094e-08
237500.0  9.377781160952947e-08
240625.0  9.377781160950889e-08
243750.0  9.377781160948801e-08
246875.0  9.377781160946683e-08
250000.0  9.377781160944346e-08
253125.0  9.377781160942259e-08
256250.0  9.377781160940142e-08
259375.0  9.377781160937736e-08
262500.0  9.377781160935445e-08
265625.0  9.37778116093313e-08
268750.0  9.377781160930841e-08
271875.0  9.377781160928545e-08
275000.0  9.377781160926092e-08
278125.0  9.377781160923601e-08
281250.0  9.377781160921182e-08
284375.0  9.377781160918645e-08
287500.0  9.377781160916099e-08
290625.0  9.377781160913686e-08
293750.0  9.377781160911044e-08
296875.0  9.377781160908538e-08
300000.0  9.377781160905831e-08
303125.0  9.377781160903253e-08
306250.0  9.377781160900644e-08
309375.0  9.377781160897964e-08
312500.0  9.377781160895108e-08
315625.0  9.377781160892496e-08
318750.0  9.377781160889704e-08
321875.0  9.377781160886861e-08
325000.0  9.377781160884024e-08
328125.0  9.377781160881161e-08
331250.0  9.377781160878394e-08
334375.0  9.377781160875375e-08
337500.0  9.377781160872478e-08
340625.0  9.377781160869554e-08
343750.0  9.377781160866518e-08
346875.0  9.377781160863536e-08
350000.0  9.377781160860499e-08
353125.0  9.37778116085747e-08
356250.0  9.377781160854338e-08
359375.0  9.377781160851203e-08
362500.0  9.37778116084811e-08
365625.0  9.377781160844929e-08
368750.0  9.377781160841675e-08
371875.0  9.377781160838471e-08
375000.0  9.37778116083512e-08
378125.0  9.377781160832045e-08
381250.0  9.377781160828607e-08
384375.0  9.377781160825266e-08
387500.0  9.37778116082202e-08
390625.0  9.377781160818661e-08
393750.0  9.377781160815185e-08
396875.0  9.377781160811789e-08
400000.0  9.37778116080834e-08
403125.0  9.377781160804873e-08
406250.0  9.377781160801338e-08
409375.0  9.37778116079776e-08
412500.0  9.377781160794233e-08
415625.0  9.377781160790603e-08
418750.0  9.37778116078696e-08
421875.0  9.377781160783382e-08
425000.0  9.377781160779709e-08
428125.0  9.377781160775983e-08
431250.0  9.37778116077237e-08
434375.0  9.377781160768572e-08
437500.0  9.377781160764815e-08
440625.0  9.377781160761052e-08
443750.0  9.377781160757244e-08
446875.0  9.377781160753386e-08
450000.0  9.37778116074952e-08
453125.0  9.377781160745616e-08
456250.0  9.37778116074166e-08
459375.0  9.37778116073779e-08
462500.0  9.37778116073369e-08
465625.0  9.377781160729782e-08
468750.0  9.377781160725813e-08
471875.0  9.377781160721751e-08
475000.0  9.377781160717753e-08
478125.0  9.377781160713607e-08
481250.0  9.377781160709448e-08
484375.0  9.377781160705333e-08
487500.0  9.377781160701234e-08
490625.0  9.377781160696986e-08
493750.0  9.377781160692817e-08
496875.0  9.377781160688538e-08
500000.0  9.377781160684268e-08
503125.0  9.377781160679956e-08
506250.0  9.377781160675674e-08
509375.0  9.377781160671257e-08
512500.0  9.37778116066694e-08
515625.0  9.377781160662628e-08
518750.0  9.377781160658155e-08
521875.0  9.377781160653741e-08
525000.0  9.377781160649204e-08
528125.0  9.377781160644828e-08
531250.0  9.377781160640291e-08
534375.0  9.37778116063573e-08
537500.0  9.377781160631175e-08
540625.0  9.377781160626552e-08
543750.0  9.37778116062199e-08
546875.0  9.377781160617267e-08
550000.0  9.37778116061258e-08
553125.0  9.377781160607981e-08
556250.0  9.377781160603369e-08
559375.0  9.377781160598608e-08
562500.0  9.377781160593807e-08
565625.0  9.377781160589054e-08
568750.0  9.377781160584279e-08
571875.0  9.377781160579439e-08
575000.0  9.377781160574596e-08
578125.0  9.37778116056973e-08
581250.0  9.377781160564834e-08
584375.0  9.377781160559937e-08
587500.0  9.377781160554921e-08
590625.0  9.377781160550057e-08
593750.0  9.377781160545073e-08
596875.0  9.377781160540109e-08
600000.0  9.377781160534962e-08
603125.0  9.37778116053004e-08
606250.0  9.377781160524869e-08
609375.0  9.377781160519841e-08
612500.0  9.377781160514688e-08
615625.0  9.377781160509545e-08
618750.0  9.377781160504314e-08
621875.0  9.37778116049915e-08
625000.0  9.377781160493916e-08
628125.0  9.377781160488698e-08
631250.0  9.377781160483434e-08
634375.0  9.377781160478136e-08
637500.0  9.377781160472866e-08
640625.0  9.377781160467526e-08
643750.0  9.37778116046218e-08
646875.0  9.377781160456852e-08
650000.0  9.3777811604514e-08
653125.0  9.377781160446042e-08
656250.0  9.37778116044053e-08
659375.0  9.377781160435106e-08
662500.0  9.377781160429599e-08
665625.0  9.377781160424109e-08
668750.0  9.377781160418501e-08
671875.0  9.377781160412941e-08
675000.0  9.37778116040745e-08
678125.0  9.377781160401816e-08
681250.0  9.377781160396167e-08
684375.0  9.377781160390617e-08
687500.0  9.377781160384939e-08
690625.0  9.377781160379354e-08
693750.0  9.37778116037349e-08
696875.0  9.37778116036782e-08
700000.0  9.377781160362048e-08
703125.0  9.3777811603563e-08
706250.0  9.377781160350561e-08
709375.0  9.377781160344733e-08
712500.0  9.377781160338814e-08
715625.0  9.377781160333009e-08
718750.0  9.377781160327117e-08
721875.0  9.377781160321242e-08
725000.0  9.377781160315393e-08
728125.0  9.377781160309393e-08
731250.0  9.377781160303408e-08
734375.0  9.377781160297435e-08
737500.0  9.377781160291401e-08
740625.0  9.37778116028551e-08
743750.0  9.377781160279503e-08
746875.0  9.37778116027338e-08
750000.0  9.377781160267175e-08
753125.0  9.37778116026116e-08
756250.0  9.377781160255089e-08
759375.0  9.377781160248862e-08
762500.0  9.377781160242643e-08
765625.0  9.377781160236462e-08
768750.0  9.377781160230259e-08
771875.0  9.3777811602241e-08
775000.0  9.377781160217844e-08
778125.0  9.377781160211583e-08
781250.0  9.37778116020531e-08
784375.0  9.377781160199034e-08
787500.0  9.37778116019276e-08
790625.0  9.377781160186364e-08
793750.0  9.377781160180027e-08
796875.0  9.377781160173604e-08
800000.0  9.377781160167193e-08
803125.0  9.377781160160712e-08
806250.0  9.377781160154228e-08
809375.0  9.377781160147882e-08
812500.0  9.377781160141333e-08
815625.0  9.377781160134855e-08
818750.0  9.377781160128359e-08
821875.0  9.37778116012186e-08
825000.0  9.377781160115265e-08
828125.0  9.377781160108705e-08
831250.0  9.377781160102197e-08
834375.0  9.377781160095538e-08
837500.0  9.377781160088933e-08
840625.0  9.377781160082249e-08
843750.0  9.377781160075654e-08
846875.0  9.377781160068919e-08
850000.0  9.377781160062149e-08
853125.0  9.377781160055471e-08
856250.0  9.377781160048684e-08
859375.0  9.37778116004194e-08
862500.0  9.377781160035092e-08
865625.0  9.377781160028288e-08
868750.0  9.377781160021526e-08
871875.0  9.377781160014763e-08
875000.0  9.377781160007862e-08
878125.0  9.377781160000907e-08
881250.0  9.377781159994097e-08
884375.0  9.37778115998723e-08
887500.0  9.377781159980244e-08
890625.0  9.377781159973283e-08
893750.0  9.377781159966305e-08
896875.0  9.377781159959432e-08
900000.0  9.377781159952342e-08
903125.0  9.37778115994537e-08
906250.0  9.377781159938358e-08
909375.0  9.37778115993131e-08
912500.0  9.377781159924235e-08
915625.0  9.377781159917181e-08
918750.0  9.377781159910056e-08
921875.0  9.377781159902943e-08
925000.0  9.377781159895862e-08
928125.0  9.377781159888656e-08
931250.0  9.37778115988151e-08
934375.0  9.37778115987429e-08
937500.0  9.377781159867054e-08
940625.0  9.377781159859897e-08
943750.0  9.377781159852579e-08
946875.0  9.377781159845412e-08
950000.0  9.377781159838191e-08
953125.0  9.37778115983089e-08
956250.0  9.377781159823562e-08
959375.0  9.377781159816275e-08
962500.0  9.377781159808976e-08
965625.0  9.377781159801569e-08
968750.0  9.377781159794203e-08
971875.0  9.377781159786857e-08
975000.0  9.377781159779493e-08
978125.0  9.377781159771965e-08
981250.0  9.377781159764642e-08
984375.0  9.377781159757144e-08
987500.0  9.377781159749728e-08
990625.0  9.377781159742225e-08
993750.0  9.377781159734801e-08
996875.0  9.377781159727236e-08
1000000.0  9.377781159719764e-08
1003125.0  9.377781159712309e-08
1006250.0  9.377781159704648e-08
1009375.0  9.377781159697095e-08
1012500.0  9.377781159689605e-08
1015625.0  9.37778115968196e-08
1018750.0  9.377781159674396e-08
1021875.0  9.37778115966679e-08
1025000.0  9.3777811596591e-08
1028125.0  9.377781159651456e-08
1031250.0  9.377781159643821e-08
1034375.0  9.377781159636151e-08
1037500.0  9.377781159628394e-08
1040625.0  9.377781159620772e-08
1043750.0  9.377781159613054e-08
1046875.0  9.377781159605352e-08
1050000.0  9.377781159597561e-08
1053125.0  9.377781159589761e-08
1056250.0  9.377781159582018e-08
1059375.0  9.377781159574188e-08
1062500.0  9.377781159566353e-08
1065625.0  9.377781159558597e-08
1068750.0  9.377781159550736e-08
1071875.0  9.377781159542884e-08
1075000.0  9.377781159535164e-08
1078125.0  9.377781159527227e-08
1081250.0  9.377781159519369e-08
1084375.0  9.377781159511456e-08
1087500.0  9.377781159503545e-08
1090625.0  9.37778115949555e-08
1093750.0  9.377781159487691e-08
1096875.0  9.377781159479707e-08
1100000.0  9.377781159471782e-08
1103125.0  9.377781159463712e-08
1106250.0  9.377781159455716e-08
1109375.0  9.37778115944778e-08
1112500.0  9.377781159439723e-08
1115625.0  9.377781159431706e-08
1118750.0  9.37778115942372e-08
1121875.0  9.377781159415786e-08
1125000.0  9.37778115940764e-08
1128125.0  9.377781159399487e-08
1131250.0  9.377781159391472e-08
1134375.0  9.377781159383304e-08
1137500.0  9.377781159375221e-08
1140625.0  9.377781159367139e-08
1143750.0  9.377781159359016e-08
1146875.0  9.377781159350869e-08
1150000.0  9.377781159342757e-08
1153125.0  9.377781159334505e-08
1156250.0  9.377781159326402e-08
1159375.0  9.377781159318134e-08
1162500.0  9.377781159309998e-08
1165625.0  9.377781159301795e-08
1168750.0  9.377781159293522e-08
1171875.0  9.377781159285436e-08
1175000.0  9.37778115927715e-08
1178125.0  9.377781159268856e-08
1181250.0  9.37778115926067e-08
1184375.0  9.377781159252318e-08
1187500.0  9.377781159243979e-08
1190625.0  9.377781159235767e-08
1193750.0  9.37778115922741e-08
1196875.0  9.377781159219132e-08
1200000.0  9.377781159210848e-08
1203125.0  9.37778115920251e-08
1206250.0  9.377781159194098e-08
1209375.0  9.377781159185793e-08
1212500.0  9.377781159177444e-08
1215625.0  9.377781159169121e-08
1218750.0  9.377781159160669e-08
1221875.0  9.377781159152192e-08
1225000.0  9.377781159143813e-08
1228125.0  9.37778115913542e-08
1231250.0  9.377781159127012e-08
1234375.0  9.377781159118561e-08
1237500.0  9.377781159110156e-08
1240625.0  9.377781159101766e-08
1243750.0  9.377781159093305e-08
1246875.0  9.377781159084836e-08
1250000.0  9.377781159076331e-08
1253125.0  9.377781159067865e-08
1256250.0  9.377781159059345e-08
1259375.0  9.377781159050802e-08
1262500.0  9.377781159042272e-08
1265625.0  9.37778115903384e-08
1268750.0  9.377781159025285e-08
1271875.0  9.37778115901679e-08
1275000.0  9.377781159008325e-08
1278125.0  9.377781158999631e-08
1281250.0  9.377781158991094e-08
1284375.0  9.377781158982524e-08
1287500.0  9.377781158974056e-08
1290625.0  9.377781158965396e-08
1293750.0  9.377781158956821e-08
1296875.0  9.377781158948276e-08
1300000.0  9.377781158939547e-08
1303125.0  9.377781158931041e-08
1306250.0  9.377781158922359e-08
1309375.0  9.377781158913733e-08
1312500.0  9.377781158905151e-08
1315625.0  9.377781158896535e-08
1318750.0  9.37778115888795e-08
1321875.0  9.377781158879184e-08
1325000.0  9.377781158870507e-08
1328125.0  9.377781158861794e-08
1331250.0  9.377781158853092e-08
1334375.0  9.377781158844449e-08
1337500.0  9.377781158835865e-08
1340625.0  9.377781158827155e-08
1343750.0  9.377781158818492e-08
1346875.0  9.377781158809659e-08
1350000.0  9.37778115880111e-08
1353125.0  9.37778115879226e-08
1356250.0  9.377781158783594e-08
1359375.0  9.377781158774794e-08
1362500.0  9.377781158766085e-08
1365625.0  9.377781158757409e-08
1368750.0  9.377781158748543e-08
1371875.0  9.377781158739821e-08
1375000.0  9.377781158731074e-08
1378125.0  9.377781158722302e-08
1381250.0  9.377781158713583e-08
1384375.0  9.377781158704809e-08
1387500.0  9.377781158696041e-08
1390625.0  9.377781158687266e-08
1393750.0  9.377781158678521e-08
1396875.0  9.377781158669728e-08
1400000.0  9.377781158660836e-08
1403125.0  9.377781158652064e-08
1406250.0  9.377781158643305e-08
1409375.0  9.377781158634438e-08
1412500.0  9.377781158625671e-08
1415625.0  9.377781158616865e-08
1418750.0  9.37778115860803e-08
1421875.0  9.377781158599194e-08
1425000.0  9.377781158590321e-08
1428125.0  9.377781158581497e-08
1431250.0  9.377781158572663e-08
1434375.0  9.377781158563811e-08
1437500.0  9.377781158555009e-08
1440625.0  9.377781158546227e-08
1443750.0  9.377781158537405e-08
1446875.0  9.377781158528374e-08
1450000.0  9.377781158519592e-08
1453125.0  9.377781158510712e-08
1456250.0  9.377781158501824e-08
1459375.0  9.377781158493019e-08
1462500.0  9.377781158484112e-08
1465625.0  9.377781158475212e-08
1468750.0  9.37778115846632e-08
1471875.0  9.377781158457447e-08
1475000.0  9.377781158448554e-08
1478125.0  9.377781158439699e-08
1481250.0  9.37778115843079e-08
1484375.0  9.377781158421945e-08
1487500.0  9.377781158413116e-08
1490625.0  9.377781158404081e-08
1493750.0  9.37778115839517e-08
1496875.0  9.377781158386392e-08
1500000.0  9.377781158377452e-08
1503125.0  9.377781158368569e-08
1506250.0  9.377781158359551e-08
1509375.0  9.377781158350746e-08
1512500.0  9.377781158341793e-08
1515625.0  9.377781158332896e-08
1518750.0  9.377781158323948e-08
1521875.0  9.377781158315126e-08
1525000.0  9.377781158306209e-08
1528125.0  9.377781158297273e-08
1531250.0  9.37778115828837e-08
1534375.0  9.377781158279472e-08
1537500.0  9.377781158270526e-08
1540625.0  9.377781158261593e-08
1543750.0  9.377781158252651e-08
1546875.0  9.377781158243732e-08
1550000.0  9.377781158234893e-08
1553125.0  9.377781158225955e-08
1556250.0  9.377781158216949e-08
1559375.0  9.377781158208121e-08
1562500.0  9.377781158199103e-08
1565625.0  9.377781158190306e-08
1568750.0  9.377781158181357e-08
1571875.0  9.377781158172401e-08
1575000.0  9.377781158163542e-08
1578125.0  9.377781158154701e-08
1581250.0  9.377781158145666e-08
1584375.0  9.377781158136747e-08
1587500.0  9.377781158127878e-08
1590625.0  9.377781158118935e-08
1593750.0  9.37778115810995e-08
1596875.0  9.37778115810112e-08
1600000.0  9.377781158092099e-08
1603125.0  9.377781158083238e-08
1606250.0  9.377781158074345e-08
1609375.0  9.377781158065438e-08
1612500.0  9.377781158056555e-08
1615625.0  9.377781158047567e-08
1618750.0  9.37778115803876e-08
1621875.0  9.377781158029811e-08
1625000.0  9.377781158020966e-08
1628125.0  9.377781158011984e-08
1631250.0  9.37778115800314e-08
1634375.0  9.377781157994278e-08
1637500.0  9.377781157985285e-08
1640625.0  9.377781157976465e-08
1643750.0  9.377781157967545e-08
1646875.0  9.377781157958625e-08
1650000.0  9.377781157949764e-08
1653125.0  9.377781157940865e-08
1656250.0  9.377781157931957e-08
1659375.0  9.377781157923108e-08
1662500.0  9.377781157914164e-08
1665625.0  9.377781157905328e-08
1668750.0  9.377781157896496e-08
1671875.0  9.37778115788763e-08
1675000.0  9.377781157878777e-08
1678125.0  9.377781157869868e-08
1681250.0  9.377781157861081e-08
1684375.0  9.377781157852166e-08
1687500.0  9.377781157843338e-08
1690625.0  9.377781157834421e-08
1693750.0  9.377781157825627e-08
1696875.0  9.377781157816776e-08
1700000.0  9.377781157807943e-08
1703125.0  9.37778115779905e-08
1706250.0  9.377781157790334e-08
1709375.0  9.377781157781523e-08
1712500.0  9.377781157772675e-08
1715625.0  9.377781157763831e-08
1718750.0  9.377781157755051e-08
1721875.0  9.377781157746165e-08
1725000.0  9.377781157737476e-08
1728125.0  9.377781157728628e-08
1731250.0  9.37778115771985e-08
1734375.0  9.377781157711038e-08
1737500.0  9.377781157702171e-08
1740625.0  9.377781157693595e-08
1743750.0  9.377781157684692e-08
1746875.0  9.377781157675902e-08
1750000.0  9.37778115766721e-08
1753125.0  9.377781157658357e-08
1756250.0  9.377781157649695e-08
1759375.0  9.377781157640876e-08
1762500.0  9.377781157632123e-08
1765625.0  9.377781157623479e-08
1768750.0  9.377781157614724e-08
1771875.0  9.377781157605963e-08
1775000.0  9.377781157597217e-08
1778125.0  9.377781157588489e-08
1781250.0  9.377781157579744e-08
1784375.0  9.377781157571148e-08
1787500.0  9.377781157562378e-08
1790625.0  9.377781157553682e-08
1793750.0  9.377781157544984e-08
1796875.0  9.377781157536318e-08
1800000.0  9.377781157527673e-08
1803125.0  9.377781157518979e-08
1806250.0  9.377781157510371e-08
1809375.0  9.377781157501811e-08
1812500.0  9.377781157493056e-08
1815625.0  9.377781157484398e-08
1818750.0  9.377781157475771e-08
1821875.0  9.377781157467184e-08
1825000.0  9.37778115745861e-08
1828125.0  9.377781157449907e-08
1831250.0  9.377781157441315e-08
1834375.0  9.377781157432746e-08
1837500.0  9.377781157424172e-08
1840625.0  9.377781157415572e-08
1843750.0  9.377781157407041e-08
1846875.0  9.377781157398413e-08
1850000.0  9.37778115738992e-08
1853125.0  9.377781157381347e-08
1856250.0  9.377781157372793e-08
1859375.0  9.377781157364315e-08
1862500.0  9.377781157355782e-08
1865625.0  9.377781157347229e-08
1868750.0  9.377781157338691e-08
1871875.0  9.377781157330244e-08
1875000.0  9.377781157321679e-08
1878125.0  9.377781157313264e-08
1881250.0  9.37778115730483e-08
1884375.0  9.377781157296246e-08
1887500.0  9.377781157287893e-08
1890625.0  9.37778115727943e-08
1893750.0  9.377781157271018e-08
1896875.0  9.377781157262562e-08
1900000.0  9.377781157254081e-08
1903125.0  9.377781157245791e-08
1906250.0  9.377781157237337e-08
1909375.0  9.377781157228906e-08
1912500.0  9.377781157220568e-08
1915625.0  9.377781157212197e-08
1918750.0  9.377781157203819e-08
1921875.0  9.377781157195438e-08
1925000.0  9.377781157187149e-08
1928125.0  9.377781157178838e-08
1931250.0  9.377781157170504e-08
1934375.0  9.377781157162153e-08
1937500.0  9.377781157153924e-08
1940625.0  9.377781157145623e-08
1943750.0  9.37778115713729e-08
1946875.0  9.377781157129055e-08
1950000.0  9.377781157120753e-08
1953125.0  9.377781157112575e-08
1956250.0  9.377781157104335e-08
1959375.0  9.377781157095996e-08
1962500.0  9.377781157087878e-08
1965625.0  9.377781157079618e-08
1968750.0  9.377781157071535e-08
1971875.0  9.377781157063311e-08
1975000.0  9.37778115705506e-08
1978125.0  9.377781157046887e-08
1981250.0  9.37778115703876e-08
1984375.0  9.377781157030614e-08
1987500.0  9.377781157022487e-08
1990625.0  9.377781157014383e-08
1993750.0  9.377781157006265e-08
1996875.0  9.377781156998206e-08
2000000.0  9.377781156990168e-08
2003125.0  9.377781156982144e-08
2006250.0  9.377781156973948e-08
2009375.0  9.377781156965982e-08
2012500.0  9.37778115695797e-08
2015625.0  9.37778115694988e-08
2018750.0  9.377781156941828e-08
2021875.0  9.377781156933911e-08
2025000.0  9.37778115692595e-08
2028125.0  9.377781156917985e-08
2031250.0  9.377781156909961e-08
2034375.0  9.377781156902125e-08
2037500.0  9.377781156894074e-08
2040625.0  9.377781156886194e-08
2043750.0  9.377781156878351e-08
2046875.0  9.377781156870485e-08
2050000.0  9.377781156862605e-08
2053125.0  9.377781156854691e-08
2056250.0  9.377781156846829e-08
2059375.0  9.377781156839006e-08
2062500.0  9.377781156831092e-08
2065625.0  9.377781156823315e-08
2068750.0  9.377781156815546e-08
2071875.0  9.377781156807707e-08
2075000.0  9.377781156800035e-08
2078125.0  9.377781156792233e-08
2081250.0  9.377781156784494e-08
2084375.0  9.377781156776725e-08
2087500.0  9.377781156769086e-08
2090625.0  9.377781156761353e-08
2093750.0  9.377781156753633e-08
2096875.0  9.377781156746011e-08
2100000.0  9.377781156738246e-08
2103125.0  9.377781156730728e-08
2106250.0  9.377781156722988e-08
2109375.0  9.377781156715522e-08
2112500.0  9.377781156707872e-08
2115625.0  9.377781156700212e-08
2118750.0  9.377781156692636e-08
2121875.0  9.37778115668518e-08
2125000.0  9.377781156677574e-08
2128125.0  9.377781156670035e-08
2131250.0  9.377781156662527e-08
2134375.0  9.37778115665506e-08
2137500.0  9.377781156647565e-08
2140625.0  9.37778115664011e-08
2143750.0  9.37778115663267e-08
2146875.0  9.37778115662531e-08
2150000.0  9.377781156617785e-08
2153125.0  9.377781156610388e-08
2156250.0  9.377781156602998e-08
2159375.0  9.377781156595684e-08
2162500.0  9.377781156588251e-08
2165625.0  9.377781156580943e-08
2168750.0  9.37778115657357e-08
2171875.0  9.377781156566312e-08
2175000.0  9.377781156559062e-08
2178125.0  9.37778115655176e-08
2181250.0  9.377781156544454e-08
2184375.0  9.377781156537165e-08
2187500.0  9.377781156529983e-08
2190625.0  9.377781156522835e-08
2193750.0  9.377781156515614e-08
2196875.0  9.377781156508401e-08
2200000.0  9.37778115650131e-08
2203125.0  9.377781156494098e-08
2206250.0  9.377781156487023e-08
2209375.0  9.37778115648001e-08
2212500.0  9.377781156472819e-08
2215625.0  9.377781156465637e-08
2218750.0  9.37778115645872e-08
2221875.0  9.377781156451557e-08
2225000.0  9.377781156444493e-08
2228125.0  9.377781156437538e-08
2231250.0  9.377781156430605e-08
2234375.0  9.37778115642358e-08
2237500.0  9.37778115641669e-08
2240625.0  9.377781156409652e-08
2243750.0  9.377781156402796e-08
2246875.0  9.377781156395894e-08
2250000.0  9.377781156388903e-08
2253125.0  9.37778115638207e-08
2256250.0  9.377781156375257e-08
2259375.0  9.377781156368478e-08
2262500.0  9.377781156361616e-08
2265625.0  9.377781156354837e-08
2268750.0  9.377781156348091e-08
2271875.0  9.377781156341262e-08
2275000.0  9.37778115633453e-08
2278125.0  9.377781156327942e-08
2281250.0  9.377781156321163e-08
2284375.0  9.377781156314489e-08
2287500.0  9.377781156307829e-08
2290625.0  9.377781156301148e-08
2293750.0  9.377781156294535e-08
2296875.0  9.377781156287897e-08
2300000.0  9.377781156281333e-08
2303125.0  9.377781156274717e-08
2306250.0  9.377781156268254e-08
2309375.0  9.377781156261692e-08
2312500.0  9.377781156255146e-08
2315625.0  9.377781156248636e-08
2318750.0  9.377781156242167e-08
2321875.0  9.377781156235695e-08
2325000.0  9.377781156229259e-08
2328125.0  9.377781156222915e-08
2331250.0  9.377781156216444e-08
2334375.0  9.377781156210056e-08
2337500.0  9.377781156203758e-08
2340625.0  9.377781156197461e-08
2343750.0  9.377781156191018e-08
2346875.0  9.377781156184854e-08
2350000.0  9.377781156178454e-08
2353125.0  9.377781156172226e-08
2356250.0  9.377781156165963e-08
2359375.0  9.377781156159781e-08
2362500.0  9.377781156153555e-08
2365625.0  9.377781156147384e-08
2368750.0  9.377781156141279e-08
2371875.0  9.377781156135139e-08
2375000.0  9.377781156128926e-08
2378125.0  9.377781156122832e-08
2381250.0  9.377781156116736e-08
2384375.0  9.377781156110711e-08
2387500.0  9.377781156104745e-08
2390625.0  9.37778115609868e-08
2393750.0  9.377781156092733e-08
2396875.0  9.377781156086712e-08
2400000.0  9.377781156080703e-08
2403125.0  9.377781156074789e-08
2406250.0  9.377781156068982e-08
2409375.0  9.37778115606303e-08
2412500.0  9.377781156057125e-08
2415625.0  9.377781156051313e-08
2418750.0  9.377781156045453e-08
2421875.0  9.377781156039662e-08
2425000.0  9.37778115603389e-08
2428125.0  9.377781156028137e-08
2431250.0  9.377781156022408e-08
2434375.0  9.377781156016541e-08
2437500.0  9.3777811560109e-08
2440625.0  9.377781156005245e-08
2443750.0  9.377781155999782e-08
2446875.0  9.3777811559939e-08
2450000.0  9.377781155988335e-08
2453125.0  9.377781155982787e-08
2456250.0  9.377781155977155e-08
2459375.0  9.377781155971713e-08
2462500.0  9.377781155966176e-08
2465625.0  9.377781155960599e-08
2468750.0  9.377781155955144e-08
2471875.0  9.377781155949657e-08
2475000.0  9.377781155944215e-08
2478125.0  9.377781155938863e-08
2481250.0  9.377781155933511e-08
2484375.0  9.377781155928086e-08
2487500.0  9.37778115592274e-08
2490625.0  9.377781155917396e-08
2493750.0  9.377781155912086e-08
2496875.0  9.37778115590679e-08
2500000.0  9.377781155901604e-08
2503125.0  9.377781155896364e-08
2506250.0  9.377781155891115e-08
2509375.0  9.377781155885944e-08
2512500.0  9.377781155880856e-08
2515625.0  9.377781155875632e-08
2518750.0  9.377781155870628e-08
2521875.0  9.377781155865385e-08
2525000.0  9.377781155860343e-08
2528125.0  9.377781155855291e-08
2531250.0  9.377781155850267e-08
2534375.0  9.377781155845366e-08
2537500.0  9.377781155840322e-08
2540625.0  9.377781155835275e-08
2543750.0  9.37778115583039e-08
2546875.0  9.377781155825403e-08
2550000.0  9.377781155820589e-08
2553125.0  9.377781155815753e-08
2556250.0  9.377781155810885e-08
2559375.0  9.377781155806089e-08
2562500.0  9.377781155801216e-08
2565625.0  9.377781155796543e-08
2568750.0  9.377781155791684e-08
2571875.0  9.377781155787024e-08
2575000.0  9.377781155782305e-08
2578125.0  9.377781155777575e-08
2581250.0  9.377781155772926e-08
2584375.0  9.377781155768327e-08
2587500.0  9.377781155763782e-08
2590625.0  9.377781155759103e-08
2593750.0  9.377781155754678e-08
2596875.0  9.377781155750072e-08
2600000.0  9.377781155745652e-08
2603125.0  9.377781155741123e-08
2606250.0  9.377781155736631e-08
2609375.0  9.377781155732201e-08
2612500.0  9.37778115572787e-08
2615625.0  9.377781155723368e-08
2618750.0  9.377781155719113e-08
2621875.0  9.377781155714677e-08
2625000.0  9.37778115571046e-08
2628125.0  9.377781155706188e-08
2631250.0  9.37778115570189e-08
2634375.0  9.377781155697676e-08
2637500.0  9.377781155693455e-08
2640625.0  9.377781155689262e-08
2643750.0  9.377781155685072e-08
2646875.0  9.377781155680916e-08
2650000.0  9.377781155676808e-08
2653125.0  9.377781155672701e-08
2656250.0  9.3777811556687e-08
2659375.0  9.377781155664537e-08
2662500.0  9.37778115566055e-08
2665625.0  9.377781155656608e-08
2668750.0  9.377781155652656e-08
2671875.0  9.37778115564875e-08
2675000.0  9.377781155644821e-08
2678125.0  9.377781155640853e-08
2681250.0  9.377781155637044e-08
2684375.0  9.377781155633179e-08
2687500.0  9.377781155629354e-08
2690625.0  9.377781155625483e-08
2693750.0  9.377781155621845e-08
2696875.0  9.377781155618126e-08
2700000.0  9.377781155614406e-08
2703125.0  9.377781155610716e-08
2706250.0  9.377781155607031e-08
2709375.0  9.377781155603417e-08
2712500.0  9.377781155599854e-08
2715625.0  9.377781155596238e-08
2718750.0  9.377781155592662e-08
2721875.0  9.377781155589066e-08
2725000.0  9.377781155585608e-08
2728125.0  9.377781155582202e-08
2731250.0  9.3777811555787e-08
2734375.0  9.377781155575266e-08
2737500.0  9.37778115557188e-08
2740625.0  9.37778115556854e-08
2743750.0  9.377781155565114e-08
2746875.0  9.377781155561785e-08
2750000.0  9.377781155558519e-08
2753125.0  9.377781155555304e-08
2756250.0  9.377781155551946e-08
2759375.0  9.37778115554865e-08
2762500.0  9.377781155545582e-08
2765625.0  9.37778115554246e-08
2768750.0  9.377781155539295e-08
2771875.0  9.377781155536165e-08
2775000.0  9.377781155533101e-08
2778125.0  9.377781155529971e-08
2781250.0  9.377781155526914e-08
2784375.0  9.377781155523928e-08
2787500.0  9.377781155520983e-08
2790625.0  9.377781155518091e-08
2793750.0  9.377781155515072e-08
2796875.0  9.377781155512134e-08
2800000.0  9.377781155509387e-08
2803125.0  9.377781155506431e-08
2806250.0  9.377781155503569e-08
2809375.0  9.377781155500852e-08
2812500.0  9.377781155498056e-08
2815625.0  9.37778115549532e-08
2818750.0  9.377781155492612e-08
2821875.0  9.377781155489867e-08
2825000.0  9.377781155487257e-08
2828125.0  9.377781155484598e-08
2831250.0  9.377781155481965e-08
2834375.0  9.377781155479537e-08
2837500.0  9.37778115547694e-08
2840625.0  9.377781155474341e-08
2843750.0  9.377781155471878e-08
2846875.0  9.377781155469343e-08
2850000.0  9.377781155466954e-08
2853125.0  9.377781155464454e-08
2856250.0  9.377781155462125e-08
2859375.0  9.377781155459692e-08
2862500.0  9.377781155457395e-08
2865625.0  9.37778115545514e-08
2868750.0  9.377781155452735e-08
2871875.0  9.377781155450481e-08
2875000.0  9.377781155448244e-08
2878125.0  9.377781155446083e-08
2881250.0  9.377781155443877e-08
2884375.0  9.377781155441748e-08
2887500.0  9.377781155439587e-08
2890625.0  9.377781155437459e-08
2893750.0  9.377781155435486e-08
2896875.0  9.377781155433376e-08
2900000.0  9.377781155431382e-08
2903125.0  9.377781155429403e-08
2906250.0  9.37778115542742e-08
2909375.0  9.377781155425536e-08
2912500.0  9.37778115542354e-08
2915625.0  9.377781155421755e-08
2918750.0  9.377781155419817e-08
2921875.0  9.3777811554181e-08
2925000.0  9.377781155416286e-08
2928125.0  9.37778115541445e-08
2931250.0  9.377781155412812e-08
2934375.0  9.3777811554111e-08
2937500.0  9.377781155409271e-08
2940625.0  9.377781155407654e-08
2943750.0  9.37778115540608e-08
2946875.0  9.377781155404386e-08
2950000.0  9.377781155402863e-08
2953125.0  9.377781155401341e-08
2956250.0  9.377781155399793e-08
2959375.0  9.377781155398329e-08
2962500.0  9.377781155396833e-08
2965625.0  9.377781155395432e-08
2968750.0  9.377781155394001e-08
2971875.0  9.37778115539262e-08
2975000.0  9.377781155391268e-08
2978125.0  9.377781155389944e-08
2981250.0  9.37778115538862e-08
2984375.0  9.37778115538729e-08
2987500.0  9.377781155386121e-08
2990625.0  9.377781155384878e-08
2993750.0  9.377781155383815e-08
2996875.0  9.37778115538254e-08
3000000.0  9.377781155381509e-08
3003125.0  9.37778115538033e-08
3006250.0  9.377781155379244e-08
3009375.0  9.377781155378138e-08
3012500.0  9.377781155377117e-08
3015625.0  9.377781155376205e-08
3018750.0  9.377781155375202e-08
3021875.0  9.37778115537419e-08
3025000.0  9.377781155373373e-08
3028125.0  9.377781155372523e-08
3031250.0  9.377781155371612e-08
3034375.0  9.377781155370812e-08
3037500.0  9.377781155369993e-08
3040625.0  9.377781155369195e-08
3043750.0  9.377781155368513e-08
3046875.0  9.377781155367796e-08
3050000.0  9.377781155367117e-08
3053125.0  9.377781155366458e-08
3056250.0  9.377781155365932e-08
3059375.0  9.377781155365187e-08
3062500.0  9.37778115536463e-08
3065625.0  9.377781155364004e-08
3068750.0  9.377781155363587e-08
3071875.0  9.377781155363082e-08
3075000.0  9.377781155362583e-08
3078125.0  9.377781155362182e-08
3081250.0  9.377781155361729e-08
3084375.0  9.377781155361381e-08
3087500.0  9.377781155360993e-08
3090625.0  9.377781155360705e-08
3093750.0  9.377781155360425e-08
3096875.0  9.377781155360259e-08
3100000.0  9.377781155359908e-08
3103125.0  9.377781155359744e-08
3106250.0  9.377781155359533e-08
3109375.0  9.37778115535943e-08
3112500.0  9.377781155359282e-08
3115625.0  9.377781155359105e-08
3118750.0  9.377781155359151e-08
3121875.0  9.377781155359134e-08
