1.0  2.2353647109260467e-08
2.0  2.2353647109260523e-08
3.0  2.2353647109260447e-08
4.0  2.235364710926041e-08
5.0  2.2353647109260364e-08
6.0  2.2353647109260288e-08
7.0  2.235364710926018e-08
8.0  2.2353647109260136e-08
9.0  2.235364710926004e-08
10.0  2.2353647109259944e-08
11.0  2.2353647109259855e-08
12.0  2.2353647109259683e-08
13.0  2.2353647109259527e-08
15.0  2.23536471092592e-08
16.0  2.2353647109259044e-08
18.0  2.235364710925855e-08
19.0  2.235364710925841e-08
21.0  2.2353647109257946e-08
23.0  2.235364710925742e-08
26.0  2.2353647109256543e-08
28.0  2.2353647109255907e-08
31.0  2.2353647109254812e-08
34.0  2.235364710925373e-08
37.0  2.2353647109252483e-08
41.0  2.2353647109250587e-08
44.0  2.235364710924908e-08
49.0  2.235364710924634e-08
54.0  2.2353647109243298e-08
59.0  2.235364710923993e-08
64.0  2.2353647109236336e-08
71.0  2.235364710923074e-08
78.0  2.2353647109224597e-08
85.0  2.235364710921787e-08
93.0  2.2353647109209466e-08
102.0  2.2353647109199107e-08
112.0  2.235364710918644e-08
123.0  2.2353647109171207e-08
135.0  2.2353647109152907e-08
148.0  2.23536471091312e-08
163.0  2.2353647109103653e-08
178.0  2.2353647109073448e-08
196.0  2.2353647109033634e-08
215.0  2.2353647108987507e-08
235.0  2.235364710893439e-08
258.0  2.2353647108867397e-08
283.0  2.235364710878753e-08
311.0  2.2353647108689295e-08
341.0  2.235364710857373e-08
374.0  2.2353647108434345e-08
410.0  2.2353647108267665e-08
450.0  2.2353647108064463e-08
494.0  2.23536471078191e-08
542.0  2.2353647107525396e-08
594.0  2.235364710717644e-08
652.0  2.2353647106749484e-08
715.0  2.2353647106240824e-08
784.0  2.23536471056298e-08
860.0  2.2353647104891802e-08
944.0  2.235364710399662e-08
1035.0  2.235364710293281e-08
1136.0  2.2353647101637538e-08
1246.0  2.235364710008969e-08
1367.0  2.235364709822199e-08
1499.0  2.2353647095987196e-08
1645.0  2.2353647093275655e-08
1804.0  2.23536470900361e-08
1979.0  2.2353647086125396e-08
2171.0  2.2353647081418448e-08
2382.0  2.2353647075743383e-08
2613.0  2.2353647068927276e-08
2866.0  2.2353647060738628e-08
3144.0  2.2353647050868778e-08
3449.0  2.235364703898988e-08
3783.0  2.2353647024720815e-08
4150.0  2.2353647007522102e-08
4553.0  2.2353646986803173e-08
4995.0  2.2353646961872853e-08
5479.0  2.235364693192594e-08
6010.0  2.235364689588719e-08
6593.0  2.2353646852482498e-08
7233.0  2.2353646800210312e-08
7934.0  2.235364673740278e-08
8704.0  2.235364666172184e-08
9548.0  2.235364657072051e-08
10474.0  2.2353646461195572e-08
11490.0  2.2353646329369915e-08
12604.0  2.2353646170811595e-08
13826.0  2.235364598001818e-08
15167.0  2.2353645750341488e-08
16638.0  2.2353645473963786e-08
18252.0  2.235364514130459e-08
20022.0  2.2353644741109256e-08
21964.0  2.235364425944047e-08
24094.0  2.23536436799058e-08
26431.0  2.2353642982381154e-08
28994.0  2.2353642143213735e-08
31806.0  2.2353641133233377e-08
34891.0  2.2353639917732898e-08
38275.0  2.2353638455108185e-08
41987.0  2.2353636695116462e-08
46059.0  2.2353634577197154e-08
50526.0  2.235363202850825e-08
55427.0  2.235362896098289e-08
60802.0  2.2353625270510387e-08
66699.0  2.2353620828983784e-08
73168.0  2.2353615484100667e-08
80264.0  2.235360905258645e-08
88049.0  2.2353601312293383e-08
96588.0  2.235359199898892e-08
105956.0  2.2353580790666718e-08
116232.0  2.2353567303691173e-08
127505.0  2.235355107343174e-08
139871.0  2.2353531543097222e-08
153437.0  2.235350803995441e-08
168318.0  2.2353479758727237e-08
184642.0  2.2353445727186783e-08
202550.0  2.2353404773840683e-08
222195.0  2.2353355492799976e-08
243744.0  2.2353296195345782e-08
267384.0  2.2353224838884673e-08
293317.0  2.2353138974765366e-08
321764.0  2.2353035660073866e-08
352971.0  2.235291134114896e-08
387204.0  2.2352761758353582e-08
424757.0  2.2352581779177668e-08
465953.0  2.2352365227353693e-08
511143.0  2.2352104693940468e-08
560717.0  2.235179124149801e-08
615099.0  2.235141414823782e-08
674754.0  2.2350960530095737e-08
740196.0  2.2350414873422756e-08
811984.0  2.2349758581065476e-08
890735.0  2.23489692853976e-08
977124.0  2.234802015231301e-08
1071891.0  2.234687899207417e-08
1175850.0  2.2345507177543034e-08
1289890.0  2.234385847800353e-08
1414991.0  2.2341877477590597e-08
1552225.0  2.2339497947223818e-08
1702769.0  2.2336640764694642e-08
1867914.0  2.2333211571103607e-08
2049075.0  2.2329098070164774e-08
2247806.0  2.2324166844812578e-08
2465811.0  2.2318259873100156e-08
2704960.0  2.2311190559759958e-08
2967302.0  2.2302739539004728e-08
3255089.0  2.2292649928033954e-08
3570786.0  2.2280623014206412e-08
3917101.0  2.226631355344299e-08
4297005.0  2.2249326116351702e-08
4713753.0  2.2229212850591433e-08
5170920.0  2.2205472828501244e-08
5672426.0  2.217755529445142e-08
6222571.0  2.2144867286343632e-08
6826072.0  2.2106787586296422e-08
7488104.0  2.2062688576675023e-08
8214344.0  2.2011967539839917e-08
9011018.0  2.195408827304182e-08
9884959.0  2.1888632085213298e-08
10843660.0  2.181535715695891e-08
11895341.0  2.173426034196172e-08
13049020.0  2.1645634976822737e-08
14314589.0  2.1550115383283006e-08
15702901.0  2.144869754835243e-08
17225860.0  2.13427279391061e-08
18896523.0  2.1233855150803142e-08
20729218.0  2.1123945926541177e-08
22739658.0  2.101497576156634e-08
24945081.0  2.090890719651097e-08
27364400.0  2.0807575211673014e-08
30018358.0  2.0712597214109123e-08
32929713.0  2.0625319781384916e-08
36123427.0  2.0546810664291234e-08
39626886.0  2.0477897305281752e-08
43470132.0  2.041925277378637e-08
47686117.0  2.0371532341109394e-08
52310993.0  2.033557579520436e-08
57384416.0  2.031271665858134e-08
