frequency	V(onoise)
1.000000000000000e+00	1.787151e-08
1.023292992280754e+00	1.787151e-08
1.047128548050899e+00	1.787151e-08
1.071519305237606e+00	1.787151e-08
1.096478196143185e+00	1.787151e-08
1.122018454301963e+00	1.787151e-08
1.148153621496882e+00	1.787151e-08
1.174897554939529e+00	1.787151e-08
1.202264434617413e+00	1.787151e-08
1.230268770812381e+00	1.787151e-08
1.258925411794167e+00	1.787151e-08
1.288249551693134e+00	1.787151e-08
1.318256738556407e+00	1.787151e-08
1.348962882591653e+00	1.787151e-08
1.380384264602885e+00	1.787151e-08
1.412537544622754e+00	1.787151e-08
1.445439770745927e+00	1.787151e-08
1.479108388168207e+00	1.787151e-08
1.513561248436208e+00	1.787151e-08
1.548816618912481e+00	1.787151e-08
1.584893192461113e+00	1.787151e-08
1.621810097358929e+00	1.787151e-08
1.659586907437560e+00	1.787151e-08
1.698243652461743e+00	1.787151e-08
1.737800828749374e+00	1.787151e-08
1.778279410038922e+00	1.787151e-08
1.819700858609982e+00	1.787151e-08
1.862087136662866e+00	1.787151e-08
1.905460717963246e+00	1.787151e-08
1.949844599758044e+00	1.787151e-08
1.995262314968878e+00	1.787151e-08
2.041737944669527e+00	1.787151e-08
2.089296130854037e+00	1.787151e-08
2.137962089502230e+00	1.787151e-08
2.187761623949550e+00	1.787151e-08
2.238721138568337e+00	1.787151e-08
2.290867652767770e+00	1.787151e-08
2.344228815319919e+00	1.787151e-08
2.398832919019488e+00	1.787151e-08
2.454708915685027e+00	1.787151e-08
2.511886431509577e+00	1.787151e-08
2.570395782768860e+00	1.787151e-08
2.630267991895378e+00	1.787151e-08
2.691534803926912e+00	1.787151e-08
2.754228703338163e+00	1.787151e-08
2.818382931264450e+00	1.787151e-08
2.884031503126602e+00	1.787151e-08
2.951209226666381e+00	1.787151e-08
3.019951720402012e+00	1.787151e-08
3.090295432513586e+00	1.787151e-08
3.162277660168374e+00	1.787151e-08
3.235936569296277e+00	1.787151e-08
3.311311214825905e+00	1.787151e-08
3.388441561392020e+00	1.787151e-08
3.467368504525310e+00	1.787151e-08
3.548133892335748e+00	1.787151e-08
3.630780547701007e+00	1.787151e-08
3.715352290971718e+00	1.787151e-08
3.801893963205605e+00	1.787151e-08
3.890451449942799e+00	1.787151e-08
3.981071705534965e+00	1.787151e-08
4.073802778041119e+00	1.787151e-08
4.168693834703346e+00	1.787151e-08
4.265795188015918e+00	1.787151e-08
4.365158322401651e+00	1.787151e-08
4.466835921509622e+00	1.787151e-08
4.570881896148741e+00	1.787151e-08
4.677351412871972e+00	1.787151e-08
4.786300923226373e+00	1.787151e-08
4.897788193684452e+00	1.787151e-08
5.011872336272712e+00	1.787151e-08
5.128613839913638e+00	1.787151e-08
5.248074602497715e+00	1.787151e-08
5.370317963702516e+00	1.787151e-08
5.495408738576233e+00	1.787151e-08
5.623413251903478e+00	1.787151e-08
5.754399373371556e+00	1.787151e-08
5.888436553555876e+00	1.787151e-08
6.025595860743564e+00	1.787151e-08
6.165950018614807e+00	1.787151e-08
6.309573444801917e+00	1.787151e-08
6.456542290346539e+00	1.787151e-08
6.606934480075944e+00	1.787151e-08
6.760829753919801e+00	1.787151e-08
6.918309709189348e+00	1.787151e-08
7.079457843841362e+00	1.787151e-08
7.244359600749883e+00	1.787151e-08
7.413102413009157e+00	1.787151e-08
7.585775750291819e+00	1.787151e-08
7.762471166286898e+00	1.787151e-08
7.943282347242794e+00	1.787151e-08
8.128305161640972e+00	1.787151e-08
8.317637711026689e+00	1.787151e-08
8.511380382023743e+00	1.787151e-08
8.709635899560784e+00	1.787151e-08
8.912509381337431e+00	1.787151e-08
9.120108393559072e+00	1.787151e-08
9.332543007969884e+00	1.787151e-08
9.549925860214332e+00	1.787151e-08
9.772372209558078e+00	1.787151e-08
9.999999999999970e+00	1.787151e-08
1.023292992280751e+01	1.787151e-08
1.047128548050896e+01	1.787151e-08
1.071519305237603e+01	1.787151e-08
1.096478196143182e+01	1.787151e-08
1.122018454301960e+01	1.787151e-08
1.148153621496879e+01	1.787151e-08
1.174897554939526e+01	1.787151e-08
1.202264434617409e+01	1.787151e-08
1.230268770812378e+01	1.787151e-08
1.258925411794163e+01	1.787151e-08
1.288249551693130e+01	1.787151e-08
1.318256738556403e+01	1.787151e-08
1.348962882591649e+01	1.787151e-08
1.380384264602880e+01	1.787151e-08
1.412537544622749e+01	1.787151e-08
1.445439770745922e+01	1.787151e-08
1.479108388168202e+01	1.787151e-08
1.513561248436203e+01	1.787151e-08
1.548816618912476e+01	1.787151e-08
1.584893192461108e+01	1.787151e-08
1.621810097358924e+01	1.787151e-08
1.659586907437554e+01	1.787151e-08
1.698243652461738e+01	1.787151e-08
1.737800828749369e+01	1.787151e-08
1.778279410038916e+01	1.787151e-08
1.819700858609976e+01	1.787151e-08
1.862087136662860e+01	1.787151e-08
1.905460717963240e+01	1.787151e-08
1.949844599758038e+01	1.787151e-08
1.995262314968872e+01	1.787151e-08
2.041737944669521e+01	1.787151e-08
2.089296130854031e+01	1.787151e-08
2.137962089502224e+01	1.787151e-08
2.187761623949544e+01	1.787151e-08
2.238721138568331e+01	1.787151e-08
2.290867652767764e+01	1.787151e-08
2.344228815319913e+01	1.787151e-08
2.398832919019481e+01	1.787151e-08
2.454708915685020e+01	1.787151e-08
2.511886431509570e+01	1.787151e-08
2.570395782768853e+01	1.787151e-08
2.630267991895371e+01	1.787151e-08
2.691534803926904e+01	1.787151e-08
2.754228703338154e+01	1.787151e-08
2.818382931264442e+01	1.787151e-08
2.884031503126593e+01	1.787151e-08
2.951209226666373e+01	1.787151e-08
3.019951720402003e+01	1.787151e-08
3.090295432513577e+01	1.787151e-08
3.162277660168365e+01	1.787151e-08
3.235936569296268e+01	1.787151e-08
3.311311214825896e+01	1.787151e-08
3.388441561392010e+01	1.787151e-08
3.467368504525301e+01	1.787151e-08
3.548133892335738e+01	1.787151e-08
3.630780547700997e+01	1.787151e-08
3.715352290971708e+01	1.787151e-08
3.801893963205595e+01	1.787151e-08
3.890451449942788e+01	1.787151e-08
3.981071705534954e+01	1.787151e-08
4.073802778041109e+01	1.787151e-08
4.168693834703335e+01	1.787151e-08
4.265795188015907e+01	1.787151e-08
4.365158322401639e+01	1.787151e-08
4.466835921509610e+01	1.787151e-08
4.570881896148729e+01	1.787151e-08
4.677351412871960e+01	1.787151e-08
4.786300923226361e+01	1.787151e-08
4.897788193684438e+01	1.787151e-08
5.011872336272698e+01	1.787151e-08
5.128613839913623e+01	1.787151e-08
5.248074602497700e+01	1.787151e-08
5.370317963702501e+01	1.787151e-08
5.495408738576219e+01	1.787151e-08
5.623413251903463e+01	1.787151e-08
5.754399373371541e+01	1.787151e-08
5.888436553555861e+01	1.787151e-08
6.025595860743547e+01	1.787151e-08
6.165950018614791e+01	1.787151e-08
6.309573444801901e+01	1.787151e-08
6.456542290346522e+01	1.787151e-08
6.606934480075925e+01	1.787151e-08
6.760829753919782e+01	1.787151e-08
6.918309709189329e+01	1.787151e-08
7.079457843841342e+01	1.787151e-08
7.244359600749863e+01	1.787151e-08
7.413102413009136e+01	1.787151e-08
7.585775750291798e+01	1.787151e-08
7.762471166286876e+01	1.787151e-08
7.943282347242773e+01	1.787151e-08
8.128305161640949e+01	1.787151e-08
8.317637711026666e+01	1.787151e-08
8.511380382023719e+01	1.787151e-08
8.709635899560760e+01	1.787151e-08
8.912509381337408e+01	1.787151e-08
9.120108393559049e+01	1.787151e-08
9.332543007969861e+01	1.787151e-08
9.549925860214309e+01	1.787151e-08
9.772372209558054e+01	1.787151e-08
9.999999999999946e+01	1.787151e-08
1.023292992280749e+02	1.787151e-08
1.047128548050894e+02	1.787151e-08
1.071519305237600e+02	1.787151e-08
1.096478196143179e+02	1.787151e-08
1.122018454301957e+02	1.787151e-08
1.148153621496876e+02	1.787151e-08
1.174897554939523e+02	1.787151e-08
1.202264434617406e+02	1.787151e-08
1.230268770812374e+02	1.787151e-08
1.258925411794160e+02	1.787151e-08
1.288249551693126e+02	1.787151e-08
1.318256738556399e+02	1.787151e-08
1.348962882591645e+02	1.787151e-08
1.380384264602876e+02	1.787151e-08
1.412537544622746e+02	1.787151e-08
1.445439770745919e+02	1.787151e-08
1.479108388168198e+02	1.787151e-08
1.513561248436199e+02	1.787151e-08
1.548816618912472e+02	1.787151e-08
1.584893192461104e+02	1.787151e-08
1.621810097358920e+02	1.787151e-08
1.659586907437551e+02	1.787151e-08
1.698243652461734e+02	1.787151e-08
1.737800828749365e+02	1.787151e-08
1.778279410038912e+02	1.787151e-08
1.819700858609972e+02	1.787151e-08
1.862087136662855e+02	1.787151e-08
1.905460717963235e+02	1.787151e-08
1.949844599758032e+02	1.787151e-08
1.995262314968867e+02	1.787151e-08
2.041737944669516e+02	1.787151e-08
2.089296130854026e+02	1.787151e-08
2.137962089502218e+02	1.787151e-08
2.187761623949538e+02	1.787151e-08
2.238721138568325e+02	1.787151e-08
2.290867652767758e+02	1.787151e-08
2.344228815319906e+02	1.787151e-08
2.398832919019474e+02	1.787151e-08
2.454708915685014e+02	1.787151e-08
2.511886431509563e+02	1.787151e-08
2.570395782768846e+02	1.787151e-08
2.630267991895364e+02	1.787151e-08
2.691534803926897e+02	1.787151e-08
2.754228703338148e+02	1.787151e-08
2.818382931264435e+02	1.787151e-08
2.884031503126586e+02	1.787151e-08
2.951209226666365e+02	1.787151e-08
3.019951720401995e+02	1.787151e-08
3.090295432513569e+02	1.787151e-08
3.162277660168357e+02	1.787151e-08
3.235936569296260e+02	1.787151e-08
3.311311214825888e+02	1.787151e-08
3.388441561392002e+02	1.787151e-08
3.467368504525292e+02	1.787151e-08
3.548133892335729e+02	1.787151e-08
3.630780547700987e+02	1.787151e-08
3.715352290971698e+02	1.787151e-08
3.801893963205584e+02	1.787151e-08
3.890451449942777e+02	1.787151e-08
3.981071705534943e+02	1.787151e-08
4.073802778041097e+02	1.787151e-08
4.168693834703323e+02	1.787151e-08
4.265795188015895e+02	1.787151e-08
4.365158322401627e+02	1.787151e-08
4.466835921509598e+02	1.787151e-08
4.570881896148716e+02	1.787151e-08
4.677351412871947e+02	1.787151e-08
4.786300923226348e+02	1.787151e-08
4.897788193684425e+02	1.787151e-08
5.011872336272685e+02	1.787151e-08
5.128613839913610e+02	1.787151e-08
5.248074602497686e+02	1.787151e-08
5.370317963702487e+02	1.787151e-08
5.495408738576203e+02	1.787151e-08
5.623413251903447e+02	1.787151e-08
5.754399373371524e+02	1.787151e-08
5.888436553555844e+02	1.787151e-08
6.025595860743530e+02	1.787151e-08
6.165950018614773e+02	1.787151e-08
6.309573444801882e+02	1.787151e-08
6.456542290346504e+02	1.787151e-08
6.606934480075907e+02	1.787151e-08
6.760829753919763e+02	1.787151e-08
6.918309709189309e+02	1.787151e-08
7.079457843841321e+02	1.787151e-08
7.244359600749841e+02	1.787151e-08
7.413102413009113e+02	1.787151e-08
7.585775750291774e+02	1.787151e-08
7.762471166286851e+02	1.787151e-08
7.943282347242747e+02	1.787151e-08
8.128305161640923e+02	1.787151e-08
8.317637711026639e+02	1.787151e-08
8.511380382023692e+02	1.787151e-08
8.709635899560732e+02	1.787151e-08
8.912509381337379e+02	1.787151e-08
9.120108393559019e+02	1.787151e-08
9.332543007969830e+02	1.787151e-08
9.549925860214277e+02	1.787151e-08
9.772372209558022e+02	1.787151e-08
9.999999999999912e+02	1.787151e-08
1.023292992280745e+03	1.787151e-08
1.047128548050890e+03	1.787151e-08
1.071519305237597e+03	1.787151e-08
1.096478196143175e+03	1.787151e-08
1.122018454301953e+03	1.787151e-08
1.148153621496872e+03	1.787151e-08
1.174897554939519e+03	1.787151e-08
1.202264434617402e+03	1.787151e-08
1.230268770812370e+03	1.787151e-08
1.258925411794156e+03	1.787151e-08
1.288249551693122e+03	1.787151e-08
1.318256738556395e+03	1.787151e-08
1.348962882591641e+03	1.787151e-08
1.380384264602872e+03	1.787151e-08
1.412537544622741e+03	1.787151e-08
1.445439770745914e+03	1.787151e-08
1.479108388168193e+03	1.787151e-08
1.513561248436194e+03	1.787151e-08
1.548816618912467e+03	1.787151e-08
1.584893192461099e+03	1.787151e-08
1.621810097358915e+03	1.787151e-08
1.659586907437545e+03	1.787151e-08
1.698243652461728e+03	1.787151e-08
1.737800828749359e+03	1.787151e-08
1.778279410038906e+03	1.787151e-08
1.819700858609966e+03	1.787151e-08
1.862087136662849e+03	1.787151e-08
1.905460717963228e+03	1.787151e-08
1.949844599758026e+03	1.787151e-08
1.995262314968860e+03	1.787151e-08
2.041737944669509e+03	1.787151e-08
2.089296130854019e+03	1.787151e-08
2.137962089502211e+03	1.787151e-08
2.187761623949531e+03	1.787151e-08
2.238721138568317e+03	1.787151e-08
2.290867652767750e+03	1.787151e-08
2.344228815319898e+03	1.787151e-08
2.398832919019466e+03	1.787151e-08
2.454708915685005e+03	1.787151e-08
2.511886431509554e+03	1.787151e-08
2.570395782768837e+03	1.787151e-08
2.630267991895354e+03	1.787151e-08
2.691534803926887e+03	1.787151e-08
2.754228703338138e+03	1.787151e-08
2.818382931264424e+03	1.787151e-08
2.884031503126575e+03	1.787151e-08
2.951209226666354e+03	1.787151e-08
3.019951720401984e+03	1.787151e-08
3.090295432513557e+03	1.787151e-08
3.162277660168345e+03	1.787151e-08
3.235936569296248e+03	1.787151e-08
3.311311214825875e+03	1.787151e-08
3.388441561391989e+03	1.787151e-08
3.467368504525279e+03	1.787151e-08
3.548133892335716e+03	1.787151e-08
3.630780547700973e+03	1.787151e-08
3.715352290971684e+03	1.787151e-08
3.801893963205570e+03	1.787151e-08
3.890451449942763e+03	1.787151e-08
3.981071705534928e+03	1.787151e-08
4.073802778041082e+03	1.787151e-08
4.168693834703307e+03	1.787151e-08
4.265795188015879e+03	1.787151e-08
4.365158322401610e+03	1.787151e-08
4.466835921509581e+03	1.787151e-08
4.570881896148699e+03	1.787151e-08
4.677351412871929e+03	1.787151e-08
4.786300923226329e+03	1.787151e-08
4.897788193684407e+03	1.787151e-08
5.011872336272666e+03	1.787151e-08
5.128613839913590e+03	1.787151e-08
5.248074602497666e+03	1.787151e-08
5.370317963702466e+03	1.787151e-08
5.495408738576182e+03	1.787151e-08
5.623413251903426e+03	1.787151e-08
5.754399373371502e+03	1.787151e-08
5.888436553555821e+03	1.787151e-08
6.025595860743507e+03	1.787151e-08
6.165950018614749e+03	1.787151e-08
6.309573444801857e+03	1.787151e-08
6.456542290346478e+03	1.787151e-08
6.606934480075881e+03	1.787151e-08
6.760829753919737e+03	1.787151e-08
6.918309709189281e+03	1.787151e-08
7.079457843841294e+03	1.787151e-08
7.244359600749813e+03	1.787151e-08
7.413102413009085e+03	1.787151e-08
7.585775750291745e+03	1.787151e-08
7.762471166286822e+03	1.787151e-08
7.943282347242717e+03	1.787151e-08
8.128305161640892e+03	1.787151e-08
8.317637711026608e+03	1.787151e-08
8.511380382023659e+03	1.787151e-08
8.709635899560699e+03	1.787151e-08
8.912509381337344e+03	1.787151e-08
9.120108393558983e+03	1.787151e-08
9.332543007969793e+03	1.787151e-08
9.549925860214238e+03	1.787151e-08
9.772372209557981e+03	1.787151e-08
9.999999999999871e+03	1.787151e-08
1.023292992280741e+04	1.787151e-08
1.047128548050886e+04	1.787151e-08
1.071519305237592e+04	1.787151e-08
1.096478196143171e+04	1.787151e-08
1.122018454301949e+04	1.787151e-08
1.148153621496868e+04	1.787151e-08
1.174897554939514e+04	1.787151e-08
1.202264434617397e+04	1.787151e-08
1.230268770812365e+04	1.787151e-08
1.258925411794151e+04	1.787151e-08
1.288249551693117e+04	1.787151e-08
1.318256738556390e+04	1.787151e-08
1.348962882591636e+04	1.787151e-08
1.380384264602866e+04	1.787151e-08
1.412537544622735e+04	1.787151e-08
1.445439770745908e+04	1.787151e-08
1.479108388168187e+04	1.787151e-08
1.513561248436188e+04	1.787151e-08
1.548816618912460e+04	1.787151e-08
1.584893192461092e+04	1.787151e-08
1.621810097358908e+04	1.787151e-08
1.659586907437538e+04	1.787151e-08
1.698243652461721e+04	1.787151e-08
1.737800828749351e+04	1.787151e-08
1.778279410038898e+04	1.787151e-08
1.819700858609958e+04	1.787151e-08
1.862087136662842e+04	1.787151e-08
1.905460717963221e+04	1.787151e-08
1.949844599758018e+04	1.787151e-08
1.995262314968852e+04	1.787151e-08
2.041737944669501e+04	1.787151e-08
2.089296130854010e+04	1.787151e-08
2.137962089502202e+04	1.787151e-08
2.187761623949522e+04	1.787151e-08
2.238721138568308e+04	1.787151e-08
2.290867652767740e+04	1.787151e-08
2.344228815319889e+04	1.787151e-08
2.398832919019456e+04	1.787151e-08
2.454708915684995e+04	1.787151e-08
2.511886431509544e+04	1.787151e-08
2.570395782768826e+04	1.787151e-08
2.630267991895344e+04	1.787151e-08
2.691534803926876e+04	1.787151e-08
2.754228703338126e+04	1.787151e-08
2.818382931264412e+04	1.787151e-08
2.884031503126564e+04	1.787151e-08
2.951209226666342e+04	1.787150e-08
3.019951720401971e+04	1.787150e-08
3.090295432513544e+04	1.787150e-08
3.162277660168332e+04	1.787150e-08
3.235936569296234e+04	1.787150e-08
3.311311214825861e+04	1.787150e-08
3.388441561391974e+04	1.787150e-08
3.467368504525264e+04	1.787150e-08
3.548133892335701e+04	1.787150e-08
3.630780547700958e+04	1.787150e-08
3.715352290971669e+04	1.787150e-08
3.801893963205554e+04	1.787150e-08
3.890451449942747e+04	1.787150e-08
3.981071705534912e+04	1.787150e-08
4.073802778041065e+04	1.787150e-08
4.168693834703290e+04	1.787150e-08
4.265795188015862e+04	1.787149e-08
4.365158322401593e+04	1.787149e-08
4.466835921509562e+04	1.787149e-08
4.570881896148680e+04	1.787149e-08
4.677351412871909e+04	1.787149e-08
4.786300923226309e+04	1.787149e-08
4.897788193684386e+04	1.787149e-08
5.011872336272644e+04	1.787149e-08
5.128613839913568e+04	1.787149e-08
5.248074602497643e+04	1.787149e-08
5.370317963702443e+04	1.787148e-08
5.495408738576159e+04	1.787148e-08
5.623413251903402e+04	1.787148e-08
5.754399373371479e+04	1.787148e-08
5.888436553555797e+04	1.787148e-08
6.025595860743483e+04	1.787148e-08
6.165950018614724e+04	1.787147e-08
6.309573444801832e+04	1.787147e-08
6.456542290346453e+04	1.787147e-08
6.606934480075855e+04	1.787147e-08
6.760829753919710e+04	1.787147e-08
6.918309709189254e+04	1.787147e-08
7.079457843841266e+04	1.787146e-08
7.244359600749785e+04	1.787146e-08
7.413102413009056e+04	1.787146e-08
7.585775750291716e+04	1.787146e-08
7.762471166286792e+04	1.787145e-08
7.943282347242687e+04	1.787145e-08
8.128305161640861e+04	1.787145e-08
8.317637711026576e+04	1.787144e-08
8.511380382023628e+04	1.787144e-08
8.709635899560666e+04	1.787144e-08
8.912509381337311e+04	1.787143e-08
9.120108393558950e+04	1.787143e-08
9.332543007969759e+04	1.787143e-08
9.549925860214204e+04	1.787142e-08
9.772372209557948e+04	1.787142e-08
9.999999999999837e+04	1.787141e-08
1.023292992280737e+05	1.787141e-08
1.047128548050882e+05	1.787141e-08
1.071519305237589e+05	1.787140e-08
1.096478196143167e+05	1.787140e-08
1.122018454301945e+05	1.787139e-08
1.148153621496864e+05	1.787138e-08
1.174897554939510e+05	1.787138e-08
1.202264434617393e+05	1.787137e-08
1.230268770812361e+05	1.787136e-08
1.258925411794146e+05	1.787136e-08
1.288249551693113e+05	1.787135e-08
1.318256738556385e+05	1.787134e-08
1.348962882591631e+05	1.787133e-08
1.380384264602862e+05	1.787133e-08
1.412537544622731e+05	1.787132e-08
1.445439770745904e+05	1.787131e-08
1.479108388168183e+05	1.787130e-08
1.513561248436183e+05	1.787129e-08
1.548816618912456e+05	1.787128e-08
1.584893192461087e+05	1.787127e-08
1.621810097358903e+05	1.787125e-08
1.659586907437533e+05	1.787124e-08
1.698243652461716e+05	1.787123e-08
1.737800828749346e+05	1.787122e-08
1.778279410038893e+05	1.787120e-08
1.819700858609953e+05	1.787119e-08
1.862087136662836e+05	1.787117e-08
1.905460717963215e+05	1.787116e-08
1.949844599758012e+05	1.787114e-08
1.995262314968846e+05	1.787112e-08
2.041737944669495e+05	1.787110e-08
2.089296130854004e+05	1.787109e-08
2.137962089502196e+05	1.787106e-08
2.187761623949515e+05	1.787104e-08
2.238721138568301e+05	1.787102e-08
2.290867652767734e+05	1.787100e-08
2.344228815319882e+05	1.787097e-08
2.398832919019449e+05	1.787095e-08
2.454708915684988e+05	1.787092e-08
2.511886431509537e+05	1.787090e-08
2.570395782768819e+05	1.787087e-08
2.630267991895336e+05	1.787084e-08
2.691534803926869e+05	1.787080e-08
2.754228703338119e+05	1.787077e-08
2.818382931264405e+05	1.787074e-08
2.884031503126556e+05	1.787070e-08
2.951209226666334e+05	1.787066e-08
3.019951720401964e+05	1.787062e-08
3.090295432513537e+05	1.787058e-08
3.162277660168324e+05	1.787053e-08
3.235936569296226e+05	1.787049e-08
3.311311214825853e+05	1.787044e-08
3.388441561391967e+05	1.787039e-08
3.467368504525256e+05	1.787034e-08
3.548133892335693e+05	1.787028e-08
3.630780547700950e+05	1.787022e-08
3.715352290971660e+05	1.787016e-08
3.801893963205545e+05	1.787010e-08
3.890451449942738e+05	1.787003e-08
3.981071705534903e+05	1.786996e-08
4.073802778041056e+05	1.786989e-08
4.168693834703281e+05	1.786981e-08
4.265795188015852e+05	1.786973e-08
4.365158322401583e+05	1.786965e-08
4.466835921509552e+05	1.786956e-08
4.570881896148669e+05	1.786947e-08
4.677351412871899e+05	1.786937e-08
4.786300923226299e+05	1.786927e-08
4.897788193684375e+05	1.786917e-08
5.011872336272634e+05	1.786906e-08
5.128613839913558e+05	1.786894e-08
5.248074602497633e+05	1.786882e-08
5.370317963702432e+05	1.786869e-08
5.495408738576148e+05	1.786856e-08
5.623413251903391e+05	1.786842e-08
5.754399373371467e+05	1.786827e-08
5.888436553555785e+05	1.786812e-08
6.025595860743470e+05	1.786796e-08
6.165950018614712e+05	1.786779e-08
6.309573444801820e+05	1.786762e-08
6.456542290346441e+05	1.786744e-08
6.606934480075843e+05	1.786724e-08
6.760829753919698e+05	1.786704e-08
6.918309709189242e+05	1.786683e-08
7.079457843841253e+05	1.786661e-08
7.244359600749771e+05	1.786638e-08
7.413102413009043e+05	1.786614e-08
7.585775750291703e+05	1.786589e-08
7.762471166286779e+05	1.786562e-08
7.943282347242674e+05	1.786534e-08
8.128305161640848e+05	1.786505e-08
8.317637711026561e+05	1.786475e-08
8.511380382023612e+05	1.786443e-08
8.709635899560649e+05	1.786410e-08
8.912509381337294e+05	1.786375e-08
9.120108393558932e+05	1.786339e-08
9.332543007969741e+05	1.786300e-08
9.549925860214186e+05	1.786260e-08
9.772372209557928e+05	1.786218e-08
9.999999999999817e+05	1.786174e-08
1.023292992280735e+06	1.786129e-08
1.047128548050880e+06	1.786080e-08
1.071519305237587e+06	1.786030e-08
1.096478196143165e+06	1.785977e-08
1.122018454301943e+06	1.785922e-08
1.148153621496861e+06	1.785865e-08
1.174897554939508e+06	1.785804e-08
1.202264434617390e+06	1.785741e-08
1.230268770812358e+06	1.785675e-08
1.258925411794143e+06	1.785605e-08
1.288249551693110e+06	1.785533e-08
1.318256738556382e+06	1.785457e-08
1.348962882591628e+06	1.785377e-08
1.380384264602859e+06	1.785294e-08
1.412537544622727e+06	1.785207e-08
1.445439770745900e+06	1.785116e-08
1.479108388168179e+06	1.785020e-08
1.513561248436179e+06	1.784920e-08
1.548816618912452e+06	1.784816e-08
1.584893192461083e+06	1.784706e-08
1.621810097358899e+06	1.784592e-08
1.659586907437529e+06	1.784472e-08
1.698243652461712e+06	1.784346e-08
1.737800828749342e+06	1.784215e-08
1.778279410038889e+06	1.784078e-08
1.819700858609949e+06	1.783934e-08
1.862087136662832e+06	1.783784e-08
1.905460717963211e+06	1.783626e-08
1.949844599758008e+06	1.783462e-08
1.995262314968841e+06	1.783289e-08
2.041737944669490e+06	1.783109e-08
2.089296130853999e+06	1.782920e-08
2.137962089502191e+06	1.782723e-08
2.187761623949510e+06	1.782517e-08
2.238721138568296e+06	1.782301e-08
2.290867652767729e+06	1.782075e-08
2.344228815319877e+06	1.781839e-08
2.398832919019444e+06	1.781592e-08
2.454708915684983e+06	1.781333e-08
2.511886431509531e+06	1.781063e-08
2.570395782768813e+06	1.780780e-08
2.630267991895330e+06	1.780485e-08
2.691534803926863e+06	1.780176e-08
2.754228703338112e+06	1.779853e-08
2.818382931264398e+06	1.779515e-08
2.884031503126549e+06	1.779162e-08
2.951209226666328e+06	1.778793e-08
3.019951720401957e+06	1.778407e-08
3.090295432513529e+06	1.778004e-08
3.162277660168317e+06	1.777583e-08
3.235936569296218e+06	1.777142e-08
3.311311214825845e+06	1.776682e-08
3.388441561391958e+06	1.776202e-08
3.467368504525247e+06	1.775700e-08
3.548133892335684e+06	1.775175e-08
3.630780547700941e+06	1.774628e-08
3.715352290971651e+06	1.774056e-08
3.801893963205536e+06	1.773458e-08
3.890451449942728e+06	1.772835e-08
3.981071705534893e+06	1.772184e-08
4.073802778041046e+06	1.771505e-08
4.168693834703270e+06	1.770796e-08
4.265795188015841e+06	1.770056e-08
4.365158322401572e+06	1.769285e-08
4.466835921509542e+06	1.768480e-08
4.570881896148658e+06	1.767641e-08
4.677351412871888e+06	1.766765e-08
4.786300923226287e+06	1.765853e-08
4.897788193684363e+06	1.764902e-08
5.011872336272622e+06	1.763911e-08
5.128613839913545e+06	1.762879e-08
5.248074602497620e+06	1.761803e-08
5.370317963702418e+06	1.760684e-08
5.495408738576134e+06	1.759518e-08
5.623413251903377e+06	1.758304e-08
5.754399373371452e+06	1.757041e-08
5.888436553555770e+06	1.755728e-08
6.025595860743455e+06	1.754362e-08
6.165950018614695e+06	1.752941e-08
6.309573444801803e+06	1.751465e-08
6.456542290346422e+06	1.749931e-08
6.606934480075824e+06	1.748338e-08
6.760829753919679e+06	1.746684e-08
6.918309709189222e+06	1.744966e-08
7.079457843841233e+06	1.743185e-08
7.244359600749752e+06	1.741337e-08
7.413102413009022e+06	1.739421e-08
7.585775750291681e+06	1.737436e-08
7.762471166286756e+06	1.735379e-08
7.943282347242650e+06	1.733250e-08
8.128305161640823e+06	1.731046e-08
8.317637711026536e+06	1.728766e-08
8.511380382023586e+06	1.726409e-08
8.709635899560623e+06	1.723973e-08
8.912509381337266e+06	1.721457e-08
9.120108393558905e+06	1.718860e-08
9.332543007969713e+06	1.716180e-08
9.549925860214157e+06	1.713417e-08
9.772372209557900e+06	1.710569e-08
9.999999999999788e+06	1.707637e-08
1.023292992280732e+07	1.704619e-08
1.047128548050877e+07	1.701514e-08
1.071519305237583e+07	1.698323e-08
1.096478196143162e+07	1.695046e-08
1.122018454301939e+07	1.691681e-08
1.148153621496858e+07	1.688230e-08
1.174897554939504e+07	1.684693e-08
1.202264434617387e+07	1.681071e-08
1.230268770812355e+07	1.677363e-08
1.258925411794140e+07	1.673573e-08
1.288249551693106e+07	1.669700e-08
1.318256738556379e+07	1.665746e-08
1.348962882591625e+07	1.661713e-08
1.380384264602855e+07	1.657602e-08
1.412537544622724e+07	1.653417e-08
1.445439770745896e+07	1.649160e-08
1.479108388168175e+07	1.644833e-08
1.513561248436175e+07	1.640439e-08
1.548816618912448e+07	1.635981e-08
1.584893192461079e+07	1.631463e-08
1.621810097358895e+07	1.626888e-08
1.659586907437524e+07	1.622261e-08
1.698243652461707e+07	1.617585e-08
1.737800828749337e+07	1.612864e-08
1.778279410038884e+07	1.608104e-08
1.819700858609944e+07	1.603307e-08
1.862087136662827e+07	1.598480e-08
1.905460717963205e+07	1.593627e-08
1.949844599758003e+07	1.588752e-08
1.995262314968836e+07	1.583862e-08
2.041737944669485e+07	1.578961e-08
2.089296130853994e+07	1.574053e-08
2.137962089502185e+07	1.569146e-08
2.187761623949505e+07	1.564242e-08
2.238721138568290e+07	1.559349e-08
2.290867652767723e+07	1.554470e-08
2.344228815319870e+07	1.549611e-08
2.398832919019438e+07	1.544777e-08
2.454708915684976e+07	1.539973e-08
2.511886431509525e+07	1.535203e-08
2.570395782768807e+07	1.530473e-08
2.630267991895324e+07	1.525786e-08
2.691534803926856e+07	1.521148e-08
2.754228703338105e+07	1.516561e-08
2.818382931264391e+07	1.512031e-08
2.884031503126542e+07	1.507561e-08
2.951209226666320e+07	1.503154e-08
3.019951720401949e+07	1.498814e-08
3.090295432513522e+07	1.494544e-08
3.162277660168309e+07	1.490346e-08
3.235936569296210e+07	1.486224e-08
3.311311214825837e+07	1.482179e-08
3.388441561391950e+07	1.478214e-08
3.467368504525239e+07	1.474331e-08
3.548133892335676e+07	1.470531e-08
3.630780547700933e+07	1.466816e-08
3.715352290971643e+07	1.463187e-08
3.801893963205528e+07	1.459644e-08
3.890451449942719e+07	1.456190e-08
3.981071705534884e+07	1.452823e-08
4.073802778041036e+07	1.449545e-08
4.168693834703261e+07	1.446355e-08
4.265795188015831e+07	1.443254e-08
4.365158322401562e+07	1.440241e-08
4.466835921509531e+07	1.437316e-08
4.570881896148648e+07	1.434478e-08
4.677351412871877e+07	1.431726e-08
4.786300923226276e+07	1.429061e-08
4.897788193684352e+07	1.426480e-08
5.011872336272611e+07	1.423982e-08
5.128613839913534e+07	1.421568e-08
5.248074602497608e+07	1.419234e-08
5.370317963702407e+07	1.416980e-08
5.495408738576122e+07	1.414804e-08
5.623413251903364e+07	1.412706e-08
5.754399373371439e+07	1.410682e-08
5.888436553555757e+07	1.408732e-08
6.025595860743441e+07	1.406853e-08
6.165950018614683e+07	1.405045e-08
6.309573444801790e+07	1.403305e-08
6.456542290346409e+07	1.401632e-08
6.606934480075811e+07	1.400024e-08
6.760829753919666e+07	1.398478e-08
6.918309709189209e+07	1.396994e-08
7.079457843841220e+07	1.395569e-08
7.244359600749739e+07	1.394201e-08
7.413102413009009e+07	1.392890e-08
7.585775750291668e+07	1.391632e-08
7.762471166286743e+07	1.390426e-08
7.943282347242635e+07	1.389271e-08
8.128305161640808e+07	1.388165e-08
8.317637711026521e+07	1.387106e-08
8.511380382023571e+07	1.386092e-08
8.709635899560608e+07	1.385121e-08
8.912509381337252e+07	1.384193e-08
9.120108393558890e+07	1.383305e-08
9.332543007969697e+07	1.382456e-08
9.549925860214141e+07	1.381645e-08
9.772372209557883e+07	1.380870e-08
9.999999999999771e+07	1.380129e-08
1.023292992280731e+08	1.379422e-08
1.047128548050875e+08	1.378746e-08
1.071519305237582e+08	1.378101e-08
1.096478196143160e+08	1.377485e-08
1.122018454301937e+08	1.376897e-08
1.148153621496856e+08	1.376336e-08
1.174897554939502e+08	1.375801e-08
1.202264434617385e+08	1.375290e-08
1.230268770812353e+08	1.374803e-08
1.250000000000000e+08	1.374480e-08
