1.0  9.377615845291775e-08
2.0  9.377615845291804e-08
3.0  9.377615845291737e-08
4.0  9.377615845291753e-08
5.0  9.377615845291804e-08
6.0  9.377615845291806e-08
7.0  9.377615845291808e-08
8.0  9.377615845291782e-08
9.0  9.377615845291806e-08
10.0  9.377615845291847e-08
11.0  9.377615845291861e-08
12.0  9.37761584529184e-08
13.0  9.37761584529186e-08
14.0  9.377615845291823e-08
16.0  9.377615845291882e-08
17.0  9.377615845291843e-08
18.0  9.377615845291813e-08
20.0  9.377615845291839e-08
22.0  9.377615845291817e-08
24.0  9.377615845291825e-08
26.0  9.377615845291787e-08
28.0  9.37761584529178e-08
30.0  9.377615845291861e-08
33.0  9.377615845291855e-08
35.0  9.377615845291828e-08
38.0  9.377615845291828e-08
42.0  9.377615845291788e-08
45.0  9.377615845291836e-08
49.0  9.377615845291808e-08
53.0  9.377615845291847e-08
57.0  9.377615845291813e-08
62.0  9.377615845291796e-08
67.0  9.377615845291774e-08
73.0  9.377615845291786e-08
79.0  9.377615845291767e-08
86.0  9.37761584529189e-08
93.0  9.37761584529176e-08
101.0  9.377615845291942e-08
110.0  9.377615845291796e-08
119.0  9.37761584529182e-08
129.0  9.377615845291843e-08
140.0  9.377615845291844e-08
152.0  9.377615845291742e-08
164.0  9.377615845291753e-08
178.0  9.37761584529176e-08
193.0  9.377615845291774e-08
210.0  9.377615845291847e-08
227.0  9.3776158452917e-08
247.0  9.37761584529177e-08
267.0  9.377615845291852e-08
290.0  9.377615845291737e-08
314.0  9.37761584529182e-08
341.0  9.377615845291786e-08
370.0  9.37761584529182e-08
401.0  9.377615845291811e-08
435.0  9.377615845291921e-08
471.0  9.377615845291839e-08
511.0  9.377615845291799e-08
554.0  9.377615845291803e-08
601.0  9.377615845291876e-08
652.0  9.377615845291833e-08
707.0  9.377615845291755e-08
766.0  9.377615845291767e-08
831.0  9.37761584529183e-08
901.0  9.377615845291833e-08
977.0  9.37761584529179e-08
1060.0  9.377615845291841e-08
1149.0  9.377615845291675e-08
1246.0  9.37761584529173e-08
1351.0  9.377615845291787e-08
1465.0  9.377615845291824e-08
1589.0  9.377615845291824e-08
1723.0  9.377615845291848e-08
1868.0  9.377615845291806e-08
2026.0  9.377615845291776e-08
2196.0  9.377615845291876e-08
2382.0  9.377615845291802e-08
2583.0  9.377615845291746e-08
2801.0  9.377615845291868e-08
3037.0  9.377615845291885e-08
3293.0  9.3776158452918e-08
3571.0  9.377615845291873e-08
3872.0  9.377615845291823e-08
4199.0  9.377615845291886e-08
4553.0  9.3776158452918e-08
4937.0  9.377615845291787e-08
5354.0  9.377615845291811e-08
5805.0  9.37761584529183e-08
6295.0  9.377615845291823e-08
6826.0  9.3776158452918e-08
7402.0  9.377615845291788e-08
8026.0  9.377615845291742e-08
8704.0  9.377615845291825e-08
9438.0  9.377615845291737e-08
10234.0  9.377615845291843e-08
11098.0  9.377615845291677e-08
12034.0  9.377615845291758e-08
13049.0  9.377615845291686e-08
14150.0  9.37761584529165e-08
15344.0  9.377615845291612e-08
16638.0  9.377615845291635e-08
18042.0  9.377615845291504e-08
19564.0  9.377615845291446e-08
21215.0  9.377615845291381e-08
23004.0  9.377615845291255e-08
24945.0  9.37761584529126e-08
27050.0  9.37761584529101e-08
29332.0  9.377615845290802e-08
31806.0  9.377615845290641e-08
34490.0  9.377615845290487e-08
37399.0  9.377615845290195e-08
40555.0  9.377615845289758e-08
43976.0  9.377615845289485e-08
47686.0  9.37761584528901e-08
51709.0  9.37761584528848e-08
56072.0  9.377615845287905e-08
60802.0  9.377615845287057e-08
65932.0  9.377615845286231e-08
71494.0  9.377615845285155e-08
77526.0  9.377615845284049e-08
84067.0  9.377615845282528e-08
91159.0  9.377615845280815e-08
98850.0  9.377615845278827e-08
107189.0  9.37761584527637e-08
116232.0  9.377615845273578e-08
126038.0  9.377615845270301e-08
136672.0  9.377615845266421e-08
148202.0  9.377615845261842e-08
160705.0  9.377615845256409e-08
174263.0  9.377615845249978e-08
188965.0  9.377615845242498e-08
204907.0  9.377615845233806e-08
222195.0  9.37761584522338e-08
240940.0  9.377615845211198e-08
261268.0  9.377615845196935e-08
283310.0  9.377615845180047e-08
307211.0  9.377615845160338e-08
333129.0  9.377615845137024e-08
361234.0  9.377615845109921e-08
391710.0  9.377615845077951e-08
424757.0  9.377615845040484e-08
460592.0  9.377615844996779e-08
499451.0  9.377615844945558e-08
541587.0  9.377615844885819e-08
587279.0  9.377615844815966e-08
636825.0  9.377615844734684e-08
690551.0  9.377615844640116e-08
748810.0  9.377615844530283e-08
811984.0  9.37761584440322e-08
880488.0  9.377615844256553e-08
954772.0  9.377615844087964e-08
1035322.0  9.377615843894888e-08
1122668.0  9.377615843674657e-08
1217383.0  9.377615843425465e-08
1320088.0  9.377615843145289e-08
1431459.0  9.377615842833476e-08
1552225.0  9.377615842489957e-08
1683180.0  9.377615842117076e-08
1825183.0  9.377615841719725e-08
1979167.0  9.37761584130609e-08
2146141.0  9.377615840888987e-08
2327202.0  9.377615840486941e-08
2523539.0  9.377615840125017e-08
2736440.0  9.377615839835393e-08
2967302.0  9.377615839657119e-08
