1.0  1.0335954212532938e-07
2.0  1.0332989298374935e-07
3.0  1.0331980601134414e-07
4.0  1.0331471965916868e-07
5.0  1.033116534389284e-07
6.0  1.0330960311665521e-07
7.0  1.033081355196231e-07
8.0  1.0330703311459056e-07
9.0  1.0330617466670884e-07
10.0  1.0330548725969847e-07
11.0  1.0330492440417387e-07
12.0  1.0330445505960043e-07
13.0  1.033040577090999e-07
14.0  1.0330371696707975e-07
16.0  1.0330316295295708e-07
17.0  1.0330293471802605e-07
18.0  1.0330273178769186e-07
20.0  1.0330238668715301e-07
22.0  1.0330210422008424e-07
24.0  1.0330186875319401e-07
26.0  1.0330166945632873e-07
28.0  1.0330149858940568e-07
30.0  1.0330135047370826e-07
33.0  1.0330116192041354e-07
35.0  1.0330105415389412e-07
38.0  1.0330091374936316e-07
42.0  1.0330075771057293e-07
45.0  1.0330065886662018e-07
49.0  1.0330054588234375e-07
53.0  1.0330044993432686e-07
57.0  1.0330036743805851e-07
62.0  1.033002792698303e-07
67.0  1.0330020424500238e-07
73.0  1.0330012776310105e-07
79.0  1.03300062880977e-07
86.0  1.0329999860726079e-07
93.0  1.0329994398880888e-07
101.0  1.032998908146861e-07
110.0  1.0329984021027001e-07
119.0  1.032997972309315e-07
129.0  1.0329975647612054e-07
140.0  1.0329971833024142e-07
152.0  1.0329968296607221e-07
164.0  1.0329965272807756e-07
178.0  1.0329962254186366e-07
193.0  1.0329959498622287e-07
210.0  1.032995684245422e-07
227.0  1.03299545744781e-07
247.0  1.0329952293661813e-07
267.0  1.0329950341233731e-07
290.0  1.0329948412448042e-07
314.0  1.0329946682339791e-07
341.0  1.0329945004253627e-07
370.0  1.032994344777492e-07
401.0  1.0329942002094668e-07
435.0  1.0329940616850595e-07
471.0  1.0329939326363987e-07
511.0  1.0329938055440978e-07
554.0  1.0329936834855301e-07
601.0  1.0329935630581934e-07
652.0  1.0329934437651195e-07
707.0  1.0329933247721887e-07
766.0  1.0329932050076485e-07
831.0  1.0329930794475549e-07
901.0  1.0329929489002627e-07
977.0  1.0329928100506858e-07
1060.0  1.032992659427551e-07
1149.0  1.032992496901099e-07
1246.0  1.0329923165497963e-07
1351.0  1.0329921156964506e-07
1465.0  1.0329918893080359e-07
1589.0  1.0329916316739966e-07
1723.0  1.0329913385229561e-07
1868.0  1.0329910028107662e-07
2026.0  1.032990614003401e-07
2196.0  1.0329901679379768e-07
2382.0  1.0329896461753218e-07
2583.0  1.0329890421333609e-07
2801.0  1.0329883394226409e-07
3037.0  1.0329875227744457e-07
3293.0  1.0329865714183218e-07
3571.0  1.0329854617604985e-07
3872.0  1.0329841716403107e-07
4199.0  1.0329826675436356e-07
4553.0  1.0329809217481182e-07
4937.0  1.0329788939698435e-07
5354.0  1.0329765396885852e-07
5805.0  1.0329738228578947e-07
6295.0  1.0329706807583359e-07
6826.0  1.0329670660928061e-07
7402.0  1.0329629171775319e-07
8026.0  1.0329581791338634e-07
8704.0  1.0329527754809415e-07
9438.0  1.0329466651521207e-07
10234.0  1.0329397823703702e-07
11098.0  1.0329320707898026e-07
12034.0  1.0329235070777919e-07
13049.0  1.0329140605882806e-07
14150.0  1.0329037241825451e-07
15344.0  1.0328925186915756e-07
16638.0  1.0328804956850146e-07
18042.0  1.0328677108342841e-07
19564.0  1.0328542693388608e-07
21215.0  1.0328402771439936e-07
23004.0  1.0328258785891061e-07
24945.0  1.0328111909321333e-07
27050.0  1.0327963531203975e-07
29332.0  1.0327814900941729e-07
31806.0  1.0327666980219335e-07
34490.0  1.0327520340399137e-07
37399.0  1.0327375435641586e-07
40555.0  1.0327232039260726e-07
43976.0  1.0327089784786629e-07
47686.0  1.032694770500978e-07
51709.0  1.0326804526904162e-07
56072.0  1.0326658576841607e-07
60802.0  1.032650791606618e-07
65932.0  1.0326350181006684e-07
71494.0  1.0326182843461107e-07
77526.0  1.0326003029591439e-07
84067.0  1.0325807712961925e-07
91159.0  1.03255937022462e-07
98850.0  1.0325357610614729e-07
107189.0  1.0325096083652712e-07
116232.0  1.0324805712547784e-07
126038.0  1.0324483280209579e-07
136672.0  1.0324125815475023e-07
148202.0  1.032373086914147e-07
160705.0  1.0323296505737269e-07
174263.0  1.0322821642075376e-07
188965.0  1.0322306177681706e-07
204907.0  1.0321751166320177e-07
222195.0  1.0321158835338009e-07
240940.0  1.0320532810932621e-07
261268.0  1.0319877749228369e-07
283310.0  1.0319199548317447e-07
307211.0  1.0318504844252267e-07
333129.0  1.0317800783535371e-07
361234.0  1.0317094742404147e-07
391710.0  1.0316393952750507e-07
424757.0  1.0315705170152913e-07
460592.0  1.0315034429318366e-07
499451.0  1.0314386856523197e-07
541587.0  1.0313766625942024e-07
587279.0  1.0313176822502123e-07
636825.0  1.0312619613977487e-07
690551.0  1.0312096241528913e-07
748810.0  1.031160718361972e-07
811984.0  1.0311152288757179e-07
880488.0  1.031073089947862e-07
954772.0  1.0310341989465349e-07
1035322.0  1.0309984288865162e-07
1122668.0  1.03096563640972e-07
1217383.0  1.030935672786524e-07
1320088.0  1.0309083905225863e-07
1431459.0  1.0308836489947597e-07
1552225.0  1.0308613215139964e-07
1683180.0  1.030841298805046e-07
1825183.0  1.0308234954286347e-07
1979167.0  1.0308078553779714e-07
2146141.0  1.0307943604879663e-07
2327202.0  1.0307830410854144e-07
2523539.0  1.0307739931509282e-07
2736440.0  1.0307674048212291e-07
2967302.0  1.0307636002348842e-07
