1.0  2.5519137366947037e-08
2.0  2.5519137366946987e-08
3.0  2.5519137366946944e-08
4.0  2.55191373669468e-08
5.0  2.551913736694673e-08
6.0  2.551913736694654e-08
7.0  2.5519137366946375e-08
8.0  2.551913736694617e-08
9.0  2.551913736694593e-08
10.0  2.551913736694571e-08
11.0  2.551913736694538e-08
12.0  2.551913736694511e-08
13.0  2.5519137366944773e-08
15.0  2.551913736694402e-08
16.0  2.5519137366943615e-08
18.0  2.5519137366942702e-08
19.0  2.5519137366942212e-08
21.0  2.551913736694113e-08
23.0  2.5519137366939936e-08
26.0  2.5519137366937944e-08
28.0  2.55191373669365e-08
31.0  2.5519137366934152e-08
34.0  2.5519137366931502e-08
37.0  2.551913736692865e-08
41.0  2.5519137366924428e-08
44.0  2.551913736692103e-08
49.0  2.5519137366914714e-08
54.0  2.5519137366907835e-08
59.0  2.5519137366900245e-08
64.0  2.551913736689193e-08
71.0  2.551913736687923e-08
78.0  2.551913736686518e-08
85.0  2.5519137366849853e-08
93.0  2.5519137366830665e-08
102.0  2.5519137366807084e-08
112.0  2.5519137366778305e-08
123.0  2.551913736674348e-08
135.0  2.5519137366701768e-08
148.0  2.5519137366652352e-08
163.0  2.5519137366589572e-08
178.0  2.5519137366520737e-08
196.0  2.5519137366430135e-08
215.0  2.5519137366325043e-08
235.0  2.5519137366203934e-08
258.0  2.5519137366051372e-08
283.0  2.5519137365869346e-08
311.0  2.5519137365645554e-08
341.0  2.5519137365382332e-08
374.0  2.5519137365064857e-08
410.0  2.5519137364685025e-08
450.0  2.5519137364222105e-08
494.0  2.5519137363663196e-08
542.0  2.5519137362994013e-08
594.0  2.551913736219908e-08
652.0  2.5519137361226527e-08
715.0  2.5519137360067617e-08
784.0  2.5519137358675727e-08
860.0  2.5519137356994396e-08
944.0  2.5519137354955158e-08
1035.0  2.5519137352531674e-08
1136.0  2.5519137349580998e-08
1246.0  2.55191373460549e-08
1367.0  2.551913734180015e-08
1499.0  2.5519137336709165e-08
1645.0  2.551913733053199e-08
1804.0  2.55191373231522e-08
1979.0  2.5519137314243234e-08
2171.0  2.5519137303520564e-08
2382.0  2.551913729059252e-08
2613.0  2.5519137275064962e-08
2866.0  2.5519137256410822e-08
3144.0  2.551913723392685e-08
3449.0  2.5519137206866247e-08
3783.0  2.5519137174360484e-08
4150.0  2.5519137135181018e-08
4553.0  2.5519137087982456e-08
4995.0  2.5519137031190088e-08
5479.0  2.5519136962969906e-08
6010.0  2.5519136880871965e-08
6593.0  2.5519136781994388e-08
7233.0  2.5519136662916197e-08
7934.0  2.5519136519838118e-08
8704.0  2.551913634743404e-08
9548.0  2.55191361401297e-08
10474.0  2.5519135890627614e-08
11490.0  2.551913559032384e-08
12604.0  2.5519135229122136e-08
13826.0  2.5519134794487822e-08
15167.0  2.5519134271276014e-08
16638.0  2.5519133641677563e-08
18252.0  2.5519132883868118e-08
20022.0  2.551913197220894e-08
21964.0  2.551913087495028e-08
24094.0  2.551912955475011e-08
26431.0  2.551912796576451e-08
28994.0  2.5519126054111832e-08
31806.0  2.5519123753341496e-08
34891.0  2.5519120984389187e-08
38275.0  2.5519117652479395e-08
41987.0  2.5519113643157157e-08
46059.0  2.5519108818463336e-08
50526.0  2.5519103012461004e-08
55427.0  2.5519096024530702e-08
60802.0  2.5519087617504197e-08
66699.0  2.5519077499548722e-08
73168.0  2.5519065323713158e-08
80264.0  2.5519050672489885e-08
88049.0  2.5519033039816417e-08
96588.0  2.551901182375858e-08
105956.0  2.5518986290769385e-08
116232.0  2.551895556690617e-08
127505.0  2.551891859371302e-08
139871.0  2.5518874102784442e-08
153437.0  2.551882056158651e-08
168318.0  2.5518756135637265e-08
184642.0  2.551867861011501e-08
202550.0  2.551858531624464e-08
222195.0  2.5518473051254267e-08
243744.0  2.5518337968026266e-08
267384.0  2.551817541323324e-08
293317.0  2.5517979808429997e-08
321764.0  2.5517744449074765e-08
352971.0  2.551746123910386e-08
387204.0  2.551712047390203e-08
424757.0  2.5516710459962895e-08
465953.0  2.5516217125402667e-08
511143.0  2.551562358930966e-08
560717.0  2.551490948741186e-08
615099.0  2.5514050388627857e-08
674754.0  2.551301693324029e-08
740196.0  2.551177376704879e-08
811984.0  2.5510278505471117e-08
890735.0  2.5508480165891423e-08
977124.0  2.550631757825207e-08
1071891.0  2.550371735392666e-08
1175850.0  2.550059141331068e-08
1289890.0  2.549683431765361e-08
1414991.0  2.54923196494038e-08
1552225.0  2.5486896279530933e-08
1702769.0  2.5480383595071897e-08
1867914.0  2.547256611144256e-08
2049075.0  2.5463187250463124e-08
2247806.0  2.5451941989392325e-08
2465811.0  2.543846878423548e-08
2704960.0  2.5422340332774337e-08
2967302.0  2.5403053738847612e-08
3255089.0  2.5380019318059273e-08
3570786.0  2.5352550251389943e-08
3917101.0  2.5319851163524336e-08
4297005.0  2.5281008849475445e-08
4713753.0  2.523498593126332e-08
5170920.0  2.5180617766823893e-08
5672426.0  2.5116617854446034e-08
6222571.0  2.504159280820774e-08
6826072.0  2.495407144263816e-08
7488104.0  2.485255177043864e-08
8214344.0  2.4735569831034042e-08
9011018.0  2.460179301036826e-08
9884959.0  2.4450136673784522e-08
10843660.0  2.4279903052686434e-08
11895341.0  2.4090930165959233e-08
13049020.0  2.3883737200747996e-08
14314589.0  2.365964542468884e-08
15702901.0  2.3420849573106115e-08
17225860.0  2.3170418524032195e-08
18896523.0  2.2912208389004828e-08
20729218.0  2.265068557169767e-08
22739658.0  2.239067750526735e-08
24945081.0  2.213707708854515e-08
27364400.0  2.1894545067838087e-08
30018358.0  2.1667254318887728e-08
32929713.0  2.1458711200756352e-08
36123427.0  2.1271682859679782e-08
39626886.0  2.110824235848812e-08
43470132.0  2.096994107526401e-08
47686117.0  2.0858120847681985e-08
52310993.0  2.077440481106398e-08
57384416.0  2.0721468911706673e-08
