1.0  5.478771425662607e-07
2.0  3.950963912555181e-07
3.0  3.2859450432409734e-07
4.0  2.8960747531180464e-07
5.0  2.6342477817579934e-07
6.0  2.4439465249835175e-07
7.0  2.2982467575431012e-07
8.0  2.182497968706319e-07
9.0  2.0879665793133447e-07
10.0  2.009086556870152e-07
11.0  1.9421244270272276e-07
12.0  1.8844724776624402e-07
13.0  1.8342484605866777e-07
15.0  1.750836370021708e-07
16.0  1.7157687262228238e-07
18.0  1.6556380559876968e-07
19.0  1.629641983925118e-07
21.0  1.5840630982012092e-07
23.0  1.545374376734838e-07
26.0  1.4971313730272243e-07
28.0  1.4700258789960513e-07
31.0  1.4351808097630825e-07
34.0  1.405820525718274e-07
37.0  1.3807288182916522e-07
41.0  1.3524297321466758e-07
44.0  1.3342657011199964e-07
49.0  1.3085035528088126e-07
54.0  1.2871217630990482e-07
59.0  1.2690839014826983e-07
64.0  1.2536582932089105e-07
71.0  1.235465544953427e-07
78.0  1.220332597862948e-07
85.0  1.2075454650851842e-07
93.0  1.1951601319119693e-07
102.0  1.1834323860858602e-07
112.0  1.1725109284569278e-07
123.0  1.1624635500318573e-07
135.0  1.1533012573933337e-07
148.0  1.1449980021084798e-07
163.0  1.1370184221393276e-07
178.0  1.1303544357465493e-07
196.0  1.1236833018853366e-07
215.0  1.1178435345476053e-07
235.0  1.1127172306380668e-07
258.0  1.1078156914885867e-07
283.0  1.1034140084356536e-07
311.0  1.0993598542739861e-07
341.0  1.0958030921428589e-07
374.0  1.0926124611145974e-07
410.0  1.08979654450866e-07
450.0  1.0872956581436621e-07
494.0  1.0851348766369637e-07
542.0  1.0833239313766653e-07
594.0  1.0818624512064653e-07
652.0  1.0807111389596171e-07
715.0  1.0799077164196114e-07
784.0  1.0794453075449925e-07
860.0  1.079330273279209e-07
944.0  1.0795761078814974e-07
1035.0  1.080181665551084e-07
1136.0  1.0811650007021155e-07
1246.0  1.0825087009570027e-07
1367.0  1.0842158514946269e-07
1499.0  1.086254347720376e-07
1645.0  1.0886261818955944e-07
1804.0  1.0912568224698037e-07
1979.0  1.0941238603529753e-07
2171.0  1.0971604582403204e-07
2382.0  1.1003064927463706e-07
2613.0  1.1034818866122839e-07
2866.0  1.1066215521408687e-07
3144.0  1.1096738293799585e-07
3449.0  1.1125796284788082e-07
3783.0  1.115290212405482e-07
4150.0  1.117781012810098e-07
4553.0  1.1200243907929453e-07
4995.0  1.1219986385579143e-07
5479.0  1.1236845973589091e-07
6010.0  1.1250643386152226e-07
6593.0  1.1261020174204719e-07
7233.0  1.1267319004730534e-07
7934.0  1.126838922283833e-07
8704.0  1.1262257285824932e-07
9548.0  1.124558276167594e-07
10474.0  1.1212787131465468e-07
11490.0  1.1154751463546757e-07
12604.0  1.1057004505216035e-07
13826.0  1.0897269603093346e-07
15167.0  1.0643547685477354e-07
16638.0  1.0255478880969697e-07
18252.0  9.692822300084376e-08
20022.0  8.936347424630582e-08
21964.0  8.01193407547604e-08
24094.0  7.000216202949396e-08
26431.0  6.009984987938739e-08
28994.0  5.1362640055640846e-08
31806.0  4.43059971540674e-08
34891.0  3.901160729858579e-08
38275.0  3.5267536640642053e-08
41987.0  3.2734894933541125e-08
46059.0  3.1071897813057495e-08
50526.0  2.999709534855989e-08
55427.0  2.930492236500326e-08
60802.0  2.8856444523319606e-08
66699.0  2.856141426645259e-08
73168.0  2.8363133111723662e-08
80264.0  2.8226287297173204e-08
88049.0  2.812893973584049e-08
96588.0  2.8057403871068226e-08
105956.0  2.800292249297805e-08
116232.0  2.795976581819427e-08
127505.0  2.792403153671612e-08
139871.0  2.789299094171402e-08
153437.0  2.7864688854254014e-08
168318.0  2.7837725914483447e-08
184642.0  2.78111127448032e-08
202550.0  2.7784185967332393e-08
222195.0  2.7756550929342686e-08
243744.0  2.7728033566732847e-08
267384.0  2.769863416379455e-08
293317.0  2.766849749236418e-08
321764.0  2.7637870542782115e-08
352971.0  2.760705984678626e-08
387204.0  2.757640243382312e-08
424757.0  2.7546227326652433e-08
465953.0  2.7516831187623366e-08
511143.0  2.7488461947559726e-08
560717.0  2.7461302390375142e-08
615099.0  2.743547154821344e-08
674754.0  2.7411023538712048e-08
740196.0  2.7387951357208605e-08
811984.0  2.7366197195557347e-08
890735.0  2.7345656821332388e-08
977124.0  2.7326188192687094e-08
1071891.0  2.7307616338228914e-08
1175850.0  2.7289736549123827e-08
1289890.0  2.7272317195554056e-08
1414991.0  2.7255098111143848e-08
1552225.0  2.723778970846476e-08
1702769.0  2.722006848126488e-08
1867914.0  2.7201571549072786e-08
2049075.0  2.7181889486996156e-08
2247806.0  2.7160557126794055e-08
2465811.0  2.7137043374054968e-08
2704960.0  2.711073914406857e-08
2967302.0  2.7080944487160698e-08
3255089.0  2.7046853644948674e-08
3570786.0  2.7007541385783345e-08
3917101.0  2.6961947517868327e-08
4297005.0  2.6908864235960674e-08
4713753.0  2.684692700173818e-08
5170920.0  2.6774609263079948e-08
5672426.0  2.6690227892908396e-08
6222571.0  2.659196049309673e-08
6826072.0  2.6477880433344705e-08
7488104.0  2.6346014520595182e-08
8214344.0  2.619442845683121e-08
9011018.0  2.6021343775931376e-08
9884959.0  2.5825285215387094e-08
10843660.0  2.5605257898657904e-08
11895341.0  2.5360939513952065e-08
13049020.0  2.5092871052979794e-08
14314589.0  2.4802620030348226e-08
15702901.0  2.4492884249894157e-08
17225860.0  2.4167508242030966e-08
18896523.0  2.3831388807112448e-08
20729218.0  2.3490263484469952e-08
22739658.0  2.31504011122246e-08
24945081.0  2.2818224499966062e-08
27364400.0  2.249992018640376e-08
30018358.0  2.220109210863459e-08
32929713.0  2.1926507095314977e-08
36123427.0  2.1679974062552653e-08
39626886.0  2.1464377639689827e-08
43470132.0  2.1281883646403854e-08
47686117.0  2.113433672678535e-08
52310993.0  2.1023903852824647e-08
57384416.0  2.0954099478439733e-08
