1.0  4.375836945816188e-07
2.0  5.816342273939255e-07
3.0  5.816342273939233e-07
4.0  5.816342273939252e-07
5.0  5.816342273939202e-07
6.0  5.816342273939156e-07
7.0  5.816342273939144e-07
8.0  5.816342273939214e-07
9.0  5.816342273939204e-07
10.0  5.81634227393906e-07
11.0  5.816342273939212e-07
12.0  5.816342273939068e-07
13.0  5.816342273939068e-07
14.0  5.816342273939124e-07
15.0  5.816342273939002e-07
16.0  5.81634227393901e-07
17.0  5.81634227393913e-07
18.0  5.816342273939053e-07
19.0  5.81634227393922e-07
20.0  5.816342273939161e-07
21.0  5.816342273939177e-07
23.0  5.816342272351547e-07
24.0  5.816342273939131e-07
26.0  5.816342272351618e-07
27.0  5.816342273939263e-07
29.0  5.816342272351633e-07
30.0  5.816342273939162e-07
32.0  5.816342272351482e-07
34.0  5.816342272351468e-07
36.0  5.816342272351558e-07
38.0  5.816342272351687e-07
41.0  5.816342270764061e-07
43.0  5.816342272351575e-07
46.0  5.816342270763976e-07
48.0  5.81634227235145e-07
51.0  5.816342270763992e-07
54.0  5.816342270764048e-07
57.0  5.816342270763923e-07
61.0  5.816342269176562e-07
64.0  5.816342270764081e-07
68.0  5.816342269176636e-07
72.0  5.816342269176611e-07
77.0  5.816342267589087e-07
81.0  5.81634226917666e-07
86.0  5.816342267589201e-07
91.0  5.816342267588876e-07
97.0  5.81634226600139e-07
102.0  5.816342267588743e-07
108.0  5.816342266001408e-07
115.0  5.816342264413786e-07
122.0  5.816342264413693e-07
129.0  5.81634226441372e-07
137.0  5.81634226282607e-07
145.0  5.81634226282584e-07
153.0  5.816342262825996e-07
163.0  5.816342259650751e-07
172.0  5.816342261238298e-07
183.0  5.816342258063271e-07
193.0  5.816342259650925e-07
205.0  5.81634225647567e-07
217.0  5.81634225647567e-07
230.0  5.816342254888072e-07
244.0  5.816342253300284e-07
258.0  5.816342253300266e-07
274.0  5.816342250124979e-07
290.0  5.816342250125117e-07
307.0  5.816342248537238e-07
326.0  5.816342245361899e-07
345.0  5.816342245361847e-07
365.0  5.816342243773992e-07
387.0  5.816342240598431e-07
410.0  5.816342239010686e-07
435.0  5.816342235835154e-07
461.0  5.816342234247479e-07
488.0  5.816342232659668e-07
517.0  5.816342229484297e-07
548.0  5.816342226308562e-07
581.0  5.816342223132802e-07
615.0  5.816342221544742e-07
652.0  5.816342216781173e-07
691.0  5.81634221360537e-07
732.0  5.816342210429469e-07
775.0  5.81634220725355e-07
821.0  5.816342202489434e-07
870.0  5.816342197725414e-07
922.0  5.816342192961218e-07
977.0  5.816342188196757e-07
1035.0  5.816342183432234e-07
1097.0  5.816342177079831e-07
1162.0  5.816342172314959e-07
1232.0  5.816342164373908e-07
1305.0  5.816342159608804e-07
1383.0  5.816342151667427e-07
1465.0  5.816342145313693e-07
1552.0  5.816342137371607e-07
1645.0  5.816342127841063e-07
1743.0  5.816342119898005e-07
1846.0  5.816342111954503e-07
1956.0  5.816342100834054e-07
2073.0  5.816342089713255e-07
2196.0  5.816342080179331e-07
2327.0  5.816342067468918e-07
2466.0  5.816342054757434e-07
2613.0  5.816342042044556e-07
2768.0  5.81634202933058e-07
2933.0  5.81634201343874e-07
3108.0  5.81634199754549e-07
3293.0  5.816341981650277e-07
3489.0  5.816341964164918e-07
3697.0  5.81634194508898e-07
3917.0  5.816341926010445e-07
4150.0  5.816341905340401e-07
4398.0  5.816341881489996e-07
4660.0  5.816341859224934e-07
4937.0  5.816341835367767e-07
5231.0  5.816341808328047e-07
5543.0  5.816341779694533e-07
5873.0  5.81634175105558e-07
6223.0  5.816341719231961e-07
6593.0  5.816341687401914e-07
6986.0  5.816341650795814e-07
7402.0  5.81634161418144e-07
7843.0  5.816341574378021e-07
8310.0  5.8163415329738e-07
8805.0  5.816341488377693e-07
9329.0  5.816341442178361e-07
9885.0  5.816341391192902e-07
10474.0  5.816341338599614e-07
11098.0  5.816341282806237e-07
11758.0  5.816341225401174e-07
12459.0  5.816341160016578e-07
13201.0  5.816341094604793e-07
13987.0  5.816341024389112e-07
14820.0  5.816340949364187e-07
15703.0  5.816340869525316e-07
16638.0  5.81634078645897e-07
17629.0  5.816340696975176e-07
18679.0  5.816340602658977e-07
19792.0  5.816340501909511e-07
20970.0  5.816340397905942e-07
22219.0  5.8163402842633e-07
23543.0  5.816340164157798e-07
24945.0  5.816340039172913e-07
26431.0  5.816339904510123e-07
28005.0  5.816339763344649e-07
29673.0  5.816339612467918e-07
31440.0  5.816339453456701e-07
33313.0  5.816339283095163e-07
35297.0  5.816339104553551e-07
37399.0  5.816338914610428e-07
39627.0  5.816338711633591e-07
41987.0  5.816338498787982e-07
44488.0  5.81633827123637e-07
47138.0  5.816338030533798e-07
49945.0  5.816337776633577e-07
52920.0  5.816337504672756e-07
56072.0  5.816337217794896e-07
59411.0  5.81633691432941e-07
62950.0  5.816336589380458e-07
66699.0  5.816336247679457e-07
70672.0  5.816335882700057e-07
74881.0  5.816335497548615e-07
79341.0  5.816335087272896e-07
84067.0  5.816334651731656e-07
89074.0  5.815660144345878e-07
