1.0  2.8298180951142886e-08
2.0  2.818969458541551e-08
3.0  2.8152698112394824e-08
4.0  2.8134025574709503e-08
5.0  2.8122763610127593e-08
6.0  2.811523062161567e-08
7.0  2.8109837447532934e-08
8.0  2.8105785662829405e-08
9.0  2.8102630144781146e-08
10.0  2.8100103109233025e-08
11.0  2.8098033791315883e-08
12.0  2.8096308155108645e-08
13.0  2.809484714233186e-08
15.0  2.8092507875967484e-08
16.0  2.809155696772459e-08
18.0  2.808997137032264e-08
19.0  2.8089303468598348e-08
21.0  2.8088158103651747e-08
23.0  2.8087211558389897e-08
26.0  2.808606432467669e-08
28.0  2.8085435862776923e-08
31.0  2.8084644997805426e-08
34.0  2.80839935101772e-08
37.0  2.808344753554281e-08
41.0  2.808284370900521e-08
44.0  2.8082462803257776e-08
49.0  2.8081931492929924e-08
54.0  2.808149846487243e-08
59.0  2.8081138747514867e-08
64.0  2.8080835167661793e-08
71.0  2.808048189467197e-08
78.0  2.808019193568744e-08
85.0  2.8079949651058777e-08
93.0  2.8079717321731383e-08
102.0  2.8079499402207924e-08
112.0  2.8079298215185162e-08
123.0  2.8079114540991552e-08
135.0  2.8078948129404237e-08
148.0  2.8078798097944568e-08
163.0  2.807865446155283e-08
178.0  2.8078534756024905e-08
196.0  2.8078414931875646e-08
215.0  2.8078309789812375e-08
235.0  2.8078217006974682e-08
258.0  2.807812749085625e-08
283.0  2.807804596855112e-08
311.0  2.8077969328362574e-08
341.0  2.8077900130853534e-08
374.0  2.8077835581398573e-08
410.0  2.8077775516578137e-08
450.0  2.8077718217866106e-08
494.0  2.80776636819235e-08
542.0  2.8077611628721498e-08
594.0  2.807756159965232e-08
652.0  2.807751137425234e-08
715.0  2.807746146709733e-08
784.0  2.8077410533356185e-08
860.0  2.8077357270646414e-08
944.0  2.8077300314966717e-08
1035.0  2.80772394936876e-08
1136.0  2.8077171782642216e-08
1246.0  2.8077096639752078e-08
1367.0  2.807701125215516e-08
1499.0  2.807691390441266e-08
1645.0  2.8076800280182785e-08
1804.0  2.8076668677400935e-08
1979.0  2.8076513696814246e-08
2171.0  2.807633087926673e-08
2382.0  2.8076114084314155e-08
2613.0  2.8075857323576956e-08
2866.0  2.8075552624428648e-08
3144.0  2.8075189483111557e-08
3449.0  2.807475714993797e-08
3783.0  2.8074243501999865e-08
4150.0  2.8073631555929033e-08
4553.0  2.807290370945861e-08
4995.0  2.8072040420577267e-08
5479.0  2.8071020366654073e-08
6010.0  2.8069816061046098e-08
6593.0  2.8068397726029706e-08
7233.0  2.806673400988911e-08
7934.0  2.8064795925502746e-08
8704.0  2.806254413898935e-08
9548.0  2.8059949917164104e-08
10474.0  2.8056980167835606e-08
11490.0  2.8053608641868735e-08
12604.0  2.8049819382902238e-08
13826.0  2.804560314123634e-08
15167.0  2.8040963610981982e-08
16638.0  2.8035923369881575e-08
18252.0  2.803051816204364e-08
20022.0  2.8024803096663275e-08
21964.0  2.801884030087535e-08
24094.0  2.8012704306248864e-08
26431.0  2.8006467077510102e-08
28994.0  2.800019988157975e-08
31806.0  2.79939563909883e-08
34891.0  2.798777512223062e-08
38275.0  2.798167253907106e-08
41987.0  2.797563907761217e-08
46059.0  2.7969639109696864e-08
50526.0  2.7963611954598425e-08
55427.0  2.7957472383471514e-08
60802.0  2.7951116522525355e-08
66699.0  2.7944415831847237e-08
73168.0  2.7937226977630816e-08
80264.0  2.7929390803902877e-08
88049.0  2.7920733156738967e-08
96588.0  2.7911072990748883e-08
105956.0  2.790021931749279e-08
116232.0  2.788798435122667e-08
127505.0  2.7874184945517185e-08
139871.0  2.785865664267826e-08
153437.0  2.7841261400297396e-08
168318.0  2.7821905572937783e-08
184642.0  2.780054818491555e-08
202550.0  2.7777214397518445e-08
222195.0  2.7752007287842794e-08
243744.0  2.7725110385613573e-08
267384.0  2.7696778657070313e-08
293317.0  2.766733589209432e-08
321764.0  2.7637153564674607e-08
352971.0  2.7606623645634588e-08
387204.0  2.757614089520592e-08
424757.0  2.7546072801032537e-08
465953.0  2.7516741230219576e-08
511143.0  2.748841035292185e-08
560717.0  2.7461273244038733e-08
615099.0  2.7435455338762893e-08
674754.0  2.741101467182755e-08
740196.0  2.738794659381305e-08
811984.0  2.736619468852188e-08
890735.0  2.7345655533335236e-08
977124.0  2.732618755013696e-08
1071891.0  2.7307616029215872e-08
1175850.0  2.7289736407280728e-08
1289890.0  2.7272317134241857e-08
1414991.0  2.7255098086645376e-08
1552225.0  2.72377896996359e-08
1702769.0  2.7220068478450908e-08
1867914.0  2.72015715482019e-08
2049075.0  2.7181889486542997e-08
2247806.0  2.7160557126299235e-08
2465811.0  2.71370433734532e-08
2704960.0  2.711073914341095e-08
2967302.0  2.708094448651378e-08
3255089.0  2.7046853644364555e-08
3570786.0  2.700754138529524e-08
3917101.0  2.6961947517498786e-08
4297005.0  2.6908864235743632e-08
4713753.0  2.684692700165676e-08
5170920.0  2.6774609263030585e-08
5672426.0  2.6690227892869386e-08
6222571.0  2.6591960493067677e-08
6826072.0  2.647788043332394e-08
7488104.0  2.6346014520580508e-08
8214344.0  2.6194428456820767e-08
9011018.0  2.6021343775923812e-08
9884959.0  2.5825285215381456e-08
10843660.0  2.5605257898653566e-08
11895341.0  2.5360939513948803e-08
13049020.0  2.5092871052977997e-08
14314589.0  2.480262003034779e-08
15702901.0  2.44928842498941e-08
17225860.0  2.416750824203096e-08
18896523.0  2.383138880711244e-08
20729218.0  2.3490263484469942e-08
22739658.0  2.3150401112224594e-08
24945081.0  2.281822449996606e-08
27364400.0  2.249992018640376e-08
30018358.0  2.2201092108634587e-08
32929713.0  2.1926507095314977e-08
36123427.0  2.1679974062552653e-08
39626886.0  2.1464377639689827e-08
43470132.0  2.128188364640385e-08
47686117.0  2.113433672678535e-08
52310993.0  2.1023903852824647e-08
57384416.0  2.0954099478439733e-08
