1.0  5.569356810581929e-07
2.0  4.075718784704567e-07
3.0  3.434978837871049e-07
4.0  3.064158051546285e-07
5.0  2.818012632802164e-07
6.0  2.6410028734338295e-07
7.0  2.506796348465696e-07
8.0  2.401133482270746e-07
9.0  2.3155548525195535e-07
10.0  2.2446952284418685e-07
11.0  2.1849731517308563e-07
12.0  2.1338990260950608e-07
13.0  2.0896843296117924e-07
14.0  2.0510086359916626e-07
16.0  1.9865130541425514e-07
17.0  1.9593222271489223e-07
18.0  1.9348227737716456e-07
20.0  1.8924245253882576e-07
22.0  1.856993133384652e-07
24.0  1.8269254275476968e-07
26.0  1.801078588436731e-07
28.0  1.7786150841235885e-07
30.0  1.758906589760691e-07
33.0  1.7334874083816174e-07
35.0  1.718787227376439e-07
38.0  1.6994405183513965e-07
42.0  1.6776726265092208e-07
45.0  1.6637333803897232e-07
49.0  1.647652919854653e-07
53.0  1.6338707939276312e-07
57.0  1.6219259654598973e-07
62.0  1.6090609230872605e-07
67.0  1.5980318784774849e-07
73.0  1.586710242233125e-07
79.0  1.5770432745189993e-07
86.0  1.5674104914634602e-07
93.0  1.5591810650990425e-07
101.0  1.5511316408689982e-07
110.0  1.5434382749195812e-07
119.0  1.536880766975973e-07
129.0  1.530645168910509e-07
140.0  1.52479627608714e-07
152.0  1.51936683486881e-07
164.0  1.514722916373846e-07
178.0  1.510090560835507e-07
193.0  1.5058710116081023e-07
210.0  1.501819599097975e-07
227.0  1.498380734848372e-07
247.0  1.4949517601339657e-07
267.0  1.4920507196573473e-07
290.0  1.4892292042401058e-07
314.0  1.4867505124874075e-07
341.0  1.484411056656425e-07
370.0  1.4823177983861232e-07
401.0  1.4804609683175833e-07
435.0  1.4787840633760021e-07
471.0  1.4773357530135723e-07
511.0  1.4760419226602124e-07
554.0  1.4749477383451558e-07
601.0  1.4740336419621053e-07
652.0  1.4733092749088573e-07
707.0  1.4727790808175653e-07
766.0  1.4724436050350063e-07
831.0  1.4722990139771306e-07
901.0  1.4723550133345366e-07
977.0  1.4726139732141223e-07
1060.0  1.4730827311386243e-07
1149.0  1.4737528807986686e-07
1246.0  1.474632852924247e-07
1351.0  1.4757138109275466e-07
1465.0  1.4769912964716697e-07
1589.0  1.4784566698316892e-07
1723.0  1.480083509366406e-07
1868.0  1.481851522389295e-07
2026.0  1.4837473781234502e-07
2196.0  1.4857173820972924e-07
2382.0  1.4877622545015212e-07
2583.0  1.4898231865701327e-07
2801.0  1.491874588721603e-07
3037.0  1.4938815383338308e-07
3293.0  1.4958201010313161e-07
3571.0  1.497667878159792e-07
3872.0  1.4993997198755482e-07
4199.0  1.501005969437616e-07
4553.0  1.5024693086214583e-07
4937.0  1.50378394107426e-07
5354.0  1.5049425213644908e-07
5805.0  1.505930821574787e-07
6295.0  1.506738715613509e-07
6826.0  1.5073393360680278e-07
7402.0  1.5076927256318514e-07
8026.0  1.507732011688116e-07
8704.0  1.5073491142264234e-07
9438.0  1.5063748637613828e-07
10234.0  1.504543052745952e-07
11098.0  1.501441481056342e-07
12034.0  1.4964598120773187e-07
13049.0  1.488693663414446e-07
14150.0  1.4768792610403117e-07
15344.0  1.459391307503311e-07
16638.0  1.43442877082852e-07
18042.0  1.4004632799264572e-07
19564.0  1.3572419290315808e-07
21215.0  1.306632721864891e-07
23004.0  1.2529566739938927e-07
24945.0  1.2015837709477986e-07
27050.0  1.1571166446498142e-07
29332.0  1.121856767104413e-07
31806.0  1.0957707664121561e-07
34490.0  1.0774147514515514e-07
37399.0  1.0649412220146449e-07
40555.0  1.0566268569676792e-07
43976.0  1.0511439533599922e-07
47686.0  1.0475335916124873e-07
51709.0  1.0451476345933613e-07
56072.0  1.0435578526173084e-07
60802.0  1.0424866997378187e-07
65932.0  1.0417543723829867e-07
71494.0  1.0412457514523805e-07
77526.0  1.0408863635310351e-07
84067.0  1.0406282339466227e-07
91159.0  1.0404401038629282e-07
98850.0  1.0403013121217764e-07
107189.0  1.0401980428276897e-07
116232.0  1.0401207664722434e-07
126038.0  1.0400627861238656e-07
136672.0  1.0400192594619414e-07
148202.0  1.0399866248459574e-07
160705.0  1.0399622069348822e-07
174263.0  1.0399439890540196e-07
188965.0  1.0399304399318672e-07
204907.0  1.0399203960294794e-07
222195.0  1.0399129733917215e-07
240940.0  1.039907504726233e-07
261268.0  1.0399034855155497e-07
283310.0  1.0399005384313837e-07
307211.0  1.0398983810163772e-07
333129.0  1.0398968032188419e-07
361234.0  1.0398956495846282e-07
391710.0  1.0398948054389607e-07
424757.0  1.039894186503142e-07
460592.0  1.0398937310877454e-07
499451.0  1.0398933941992035e-07
541587.0  1.0398931431559315e-07
587279.0  1.0398929542525154e-07
636825.0  1.0398928103796734e-07
690551.0  1.0398926991882974e-07
748810.0  1.0398926117852359e-07
811984.0  1.0398925417693854e-07
880488.0  1.039892484536256e-07
954772.0  1.0398924367857943e-07
1035322.0  1.0398923961758157e-07
1122668.0  1.0398923610746447e-07
1217383.0  1.0398923303852273e-07
1320088.0  1.0398923034019602e-07
1431459.0  1.0398922796853876e-07
1552225.0  1.0398922589517576e-07
1683180.0  1.0398922409806657e-07
1825183.0  1.0398922255596654e-07
1979167.0  1.0398922124681043e-07
2146141.0  1.0398922014967809e-07
2327202.0  1.0398921924863945e-07
2523539.0  1.0398921853701894e-07
2736440.0  1.0398921802104071e-07
2967302.0  1.039892177229905e-07
