1.0  4.1335544961943e-07
2.0  5.46804268601068e-07
3.0  5.468042686010709e-07
4.0  5.46804268601064e-07
5.0  5.468042686010703e-07
6.0  5.468042686010759e-07
7.0  5.468042686010764e-07
8.0  5.468042686010738e-07
9.0  5.468042686010878e-07
10.0  5.468042686010853e-07
11.0  5.468042686010745e-07
12.0  5.468042686010823e-07
13.0  5.468042686010883e-07
14.0  5.468042686010815e-07
15.0  5.468042686010766e-07
16.0  5.468042686010832e-07
17.0  5.468042686010687e-07
18.0  5.468042686010824e-07
19.0  5.468042686010797e-07
20.0  5.468042686010827e-07
21.0  5.468042686010908e-07
23.0  5.468042685449471e-07
24.0  5.468042686010768e-07
26.0  5.468042685449198e-07
27.0  5.468042686010725e-07
29.0  5.468042685449333e-07
30.0  5.468042686010679e-07
32.0  5.468042685449278e-07
34.0  5.468042685449228e-07
36.0  5.468042685449145e-07
38.0  5.468042685449207e-07
41.0  5.468042684887859e-07
43.0  5.468042685449305e-07
46.0  5.468042684887925e-07
48.0  5.46804268544925e-07
51.0  5.468042684887867e-07
54.0  5.468042684887759e-07
57.0  5.468042684887789e-07
61.0  5.468042684326538e-07
64.0  5.468042684887865e-07
68.0  5.468042684326601e-07
72.0  5.468042684326767e-07
77.0  5.468042683765059e-07
81.0  5.468042684326443e-07
86.0  5.468042683765072e-07
91.0  5.468042683765032e-07
97.0  5.468042683203647e-07
102.0  5.468042683765146e-07
108.0  5.468042683203611e-07
115.0  5.468042682642294e-07
122.0  5.468042682642285e-07
129.0  5.468042682642344e-07
137.0  5.468042682080996e-07
145.0  5.468042682080996e-07
153.0  5.468042682081082e-07
163.0  5.468042680958466e-07
172.0  5.468042681519873e-07
183.0  5.46804268039706e-07
193.0  5.468042680958349e-07
205.0  5.468042679835521e-07
217.0  5.468042679835423e-07
230.0  5.468042679273974e-07
244.0  5.468042678712352e-07
258.0  5.468042678712456e-07
274.0  5.468042677589698e-07
290.0  5.468042677589797e-07
307.0  5.468042677028243e-07
326.0  5.46804267590554e-07
345.0  5.46804267590541e-07
365.0  5.468042675343965e-07
387.0  5.468042674221314e-07
410.0  5.468042673659717e-07
435.0  5.468042672536699e-07
461.0  5.468042671975004e-07
488.0  5.468042671413663e-07
517.0  5.468042670290751e-07
548.0  5.468042669167777e-07
581.0  5.46804266804466e-07
615.0  5.468042667483261e-07
652.0  5.468042665798662e-07
691.0  5.468042664675604e-07
732.0  5.468042663552479e-07
775.0  5.46804266242911e-07
821.0  5.468042660744635e-07
870.0  5.468042659059894e-07
922.0  5.468042657374979e-07
977.0  5.468042655690481e-07
1035.0  5.46804265400565e-07
1097.0  5.468042651759032e-07
1162.0  5.46804265007414e-07
1232.0  5.468042647265905e-07
1305.0  5.468042645581136e-07
1383.0  5.468042642772592e-07
1465.0  5.468042640525193e-07
1552.0  5.468042637716808e-07
1645.0  5.46804263434637e-07
1743.0  5.468042631537458e-07
1846.0  5.468042628728255e-07
1956.0  5.468042624795672e-07
2073.0  5.468042620862714e-07
2196.0  5.46804261749115e-07
2327.0  5.468042612996133e-07
2466.0  5.468042608500123e-07
2613.0  5.468042604004278e-07
2768.0  5.468042599507669e-07
2933.0  5.46804259388732e-07
3108.0  5.468042588266205e-07
3293.0  5.468042582644518e-07
3489.0  5.468042576460116e-07
3697.0  5.468042569713439e-07
3917.0  5.468042562965658e-07
4150.0  5.468042555654887e-07
4398.0  5.46804254721885e-07
4660.0  5.468042539343817e-07
4937.0  5.468042530904862e-07
5231.0  5.468042521340817e-07
5543.0  5.468042511212505e-07
5873.0  5.468042501081829e-07
6223.0  5.468042489824865e-07
6593.0  5.468042478565127e-07
6986.0  5.468042465615501e-07
7402.0  5.468042452662718e-07
7843.0  5.46804243858142e-07
8310.0  5.468042423933639e-07
8805.0  5.468042408156205e-07
9329.0  5.468042391810768e-07
9885.0  5.468042373771342e-07
10474.0  5.468042355162796e-07
11098.0  5.468042335420822e-07
11758.0  5.468042315108091e-07
12459.0  5.468042291971106e-07
13201.0  5.468042268823009e-07
13987.0  5.468042243973641e-07
14820.0  5.46804221742149e-07
15703.0  5.468042189164269e-07
16638.0  5.468042159762542e-07
17629.0  5.468042128088053e-07
18679.0  5.468042094700767e-07
19792.0  5.468042059034087e-07
20970.0  5.46804202221237e-07
22219.0  5.468041981976042e-07
23543.0  5.468041939447945e-07
24945.0  5.468041895187793e-07
26431.0  5.46804184749727e-07
28005.0  5.468041797499e-07
29673.0  5.468041744055763e-07
31440.0  5.468041687725884e-07
33313.0  5.468041627369038e-07
35297.0  5.468041564106089e-07
37399.0  5.468041496795266e-07
39627.0  5.468041424857357e-07
41987.0  5.468041349410866e-07
44488.0  5.468041268740757e-07
47138.0  5.468041183395088e-07
49945.0  5.468041093355579e-07
52920.0  5.468040996896451e-07
56072.0  5.468040895126979e-07
59411.0  5.46804078745338e-07
62950.0  5.468040672135495e-07
66699.0  5.468040550845504e-07
70672.0  5.468040421265632e-07
74881.0  5.46804028449064e-07
79341.0  5.468040138758179e-07
84067.0  5.468039984011626e-07
89074.0  5.467594580192056e-07
