1.0  4.186576945601234e-07
2.0  5.544411215767026e-07
3.0  5.54441121576716e-07
4.0  5.544411215767098e-07
5.0  5.544411215767186e-07
6.0  5.544411215767079e-07
7.0  5.544411215767106e-07
8.0  5.544411215767178e-07
9.0  5.544411215767113e-07
10.0  5.54441121576691e-07
11.0  5.544411215766854e-07
12.0  5.544411215766984e-07
13.0  5.544411215767003e-07
14.0  5.544411215767026e-07
15.0  5.544411215767055e-07
16.0  5.544411215766874e-07
17.0  5.544411215766901e-07
18.0  5.544411215766833e-07
19.0  5.544411215766825e-07
20.0  5.544411215766886e-07
21.0  5.544411215766954e-07
23.0  5.544411214975288e-07
24.0  5.544411215767062e-07
26.0  5.544411214975554e-07
27.0  5.544411215766953e-07
29.0  5.544411214975371e-07
30.0  5.544411215766897e-07
32.0  5.544411214975289e-07
34.0  5.54441121497524e-07
36.0  5.544411214975169e-07
38.0  5.544411214975371e-07
41.0  5.544411214183748e-07
43.0  5.54441121497529e-07
46.0  5.544411214183669e-07
48.0  5.544411214975283e-07
51.0  5.544411214183636e-07
54.0  5.544411214183872e-07
57.0  5.544411214183853e-07
61.0  5.544411213392358e-07
64.0  5.544411214183813e-07
68.0  5.544411213392369e-07
72.0  5.54441121339226e-07
77.0  5.54441121260071e-07
81.0  5.544411213392294e-07
86.0  5.544411212600756e-07
91.0  5.544411212600727e-07
97.0  5.544411211809352e-07
102.0  5.544411212600753e-07
108.0  5.544411211809151e-07
115.0  5.544411211017665e-07
122.0  5.544411211017603e-07
129.0  5.544411211017604e-07
137.0  5.544411210226228e-07
145.0  5.54441121022599e-07
153.0  5.54441121022601e-07
163.0  5.544411208643056e-07
172.0  5.54441120943444e-07
183.0  5.544411207851431e-07
193.0  5.544411208642684e-07
205.0  5.544411207059627e-07
217.0  5.544411207059572e-07
230.0  5.544411206268034e-07
244.0  5.544411205476498e-07
258.0  5.544411205476552e-07
274.0  5.544411203893391e-07
290.0  5.544411203893254e-07
307.0  5.544411203101676e-07
326.0  5.544411201518431e-07
345.0  5.54441120151846e-07
365.0  5.544411200726968e-07
387.0  5.544411199143443e-07
410.0  5.544411198351932e-07
435.0  5.544411196768631e-07
461.0  5.544411195976753e-07
488.0  5.544411195185021e-07
517.0  5.544411193601819e-07
548.0  5.544411192018415e-07
581.0  5.544411190435161e-07
615.0  5.544411189643438e-07
652.0  5.544411187268128e-07
691.0  5.544411185684744e-07
732.0  5.544411184101065e-07
775.0  5.544411182517537e-07
821.0  5.544411180142187e-07
870.0  5.544411177766967e-07
922.0  5.544411175391541e-07
977.0  5.544411173016064e-07
1035.0  5.544411170640263e-07
1097.0  5.544411167472932e-07
1162.0  5.544411165096863e-07
1232.0  5.544411161137488e-07
1305.0  5.54441115876179e-07
1383.0  5.544411154802022e-07
1465.0  5.544411151633892e-07
1552.0  5.544411147673848e-07
1645.0  5.544411142921726e-07
1743.0  5.544411138960836e-07
1846.0  5.544411135000106e-07
1956.0  5.544411129455398e-07
2073.0  5.544411123910144e-07
2196.0  5.544411119156775e-07
2327.0  5.544411112818815e-07
2466.0  5.544411106480337e-07
2613.0  5.54441110014108e-07
2768.0  5.54441109380171e-07
2933.0  5.54441108587746e-07
3108.0  5.544411077952307e-07
3293.0  5.544411070026731e-07
3489.0  5.544411061307371e-07
3697.0  5.544411051794866e-07
3917.0  5.544411042281522e-07
4150.0  5.544411031973853e-07
4398.0  5.544411020080832e-07
4660.0  5.544411008978085e-07
4937.0  5.544410997081054e-07
5231.0  5.544410983597128e-07
5543.0  5.544410969318304e-07
5873.0  5.544410955036228e-07
6223.0  5.544410939166444e-07
6593.0  5.544410923292559e-07
6986.0  5.54441090503726e-07
7402.0  5.544410886776976e-07
7843.0  5.54441086692616e-07
8310.0  5.544410846277317e-07
8805.0  5.544410824035913e-07
9329.0  5.544410800994408e-07
9885.0  5.544410775565467e-07
10474.0  5.544410749334206e-07
11098.0  5.544410721505817e-07
11758.0  5.544410692873436e-07
12459.0  5.54441066026024e-07
13201.0  5.54441062763305e-07
13987.0  5.544410592608186e-07
14820.0  5.544410555183765e-07
15703.0  5.544410515356816e-07
16638.0  5.544410473918487e-07
17629.0  5.544410429277722e-07
18679.0  5.54441038222421e-07
19792.0  5.54441033195946e-07
20970.0  5.544410280069348e-07
22219.0  5.544410223368294e-07
23543.0  5.544410163439741e-07
24945.0  5.544410101073587e-07
26431.0  5.544410033875486e-07
28005.0  5.544409963428558e-07
29673.0  5.544409888131892e-07
31440.0  5.544409808770805e-07
33313.0  5.544409723740384e-07
35297.0  5.544409634620879e-07
37399.0  5.544409539803997e-07
39627.0  5.544409438474962e-07
41987.0  5.544409332210666e-07
44488.0  5.544409218595514e-07
47138.0  5.544409098404107e-07
49945.0  5.544408971611513e-07
52920.0  5.544408835788193e-07
56072.0  5.544408692499983e-07
59411.0  5.544408540910915e-07
62950.0  5.544408378573777e-07
66699.0  5.544408207846714e-07
70672.0  5.544408025468024e-07
74881.0  5.544407832983664e-07
79341.0  5.54440762791559e-07
84067.0  5.544407410188057e-07
89074.0  5.543910727770379e-07
