1.0  2.23528122912524e-08
2.0  2.235281229125237e-08
3.0  2.23528122912524e-08
4.0  2.2352812291252327e-08
5.0  2.2352812291252277e-08
6.0  2.2352812291252194e-08
7.0  2.2352812291252178e-08
8.0  2.2352812291252052e-08
9.0  2.235281229125191e-08
10.0  2.2352812291251774e-08
11.0  2.2352812291251678e-08
12.0  2.2352812291251602e-08
13.0  2.2352812291251443e-08
15.0  2.2352812291251112e-08
16.0  2.2352812291250947e-08
18.0  2.235281229125052e-08
19.0  2.235281229125027e-08
21.0  2.2352812291249802e-08
23.0  2.2352812291249263e-08
26.0  2.2352812291248442e-08
28.0  2.2352812291247807e-08
31.0  2.2352812291246814e-08
34.0  2.2352812291245616e-08
37.0  2.235281229124433e-08
41.0  2.2352812291242483e-08
44.0  2.2352812291241004e-08
49.0  2.2352812291238258e-08
54.0  2.2352812291235217e-08
59.0  2.2352812291231885e-08
64.0  2.2352812291228282e-08
71.0  2.2352812291222677e-08
78.0  2.2352812291216543e-08
85.0  2.2352812291209836e-08
93.0  2.2352812291201385e-08
102.0  2.2352812291191042e-08
112.0  2.2352812291178416e-08
123.0  2.235281229116311e-08
135.0  2.235281229114483e-08
148.0  2.235281229112315e-08
163.0  2.2352812291095602e-08
178.0  2.2352812291065417e-08
196.0  2.235281229102568e-08
215.0  2.235281229097954e-08
235.0  2.2352812290926437e-08
258.0  2.2352812290859393e-08
283.0  2.235281229077964e-08
311.0  2.2352812290681387e-08
341.0  2.2352812290565866e-08
374.0  2.235281229042655e-08
410.0  2.235281229025992e-08
450.0  2.2352812290056806e-08
494.0  2.2352812289811484e-08
542.0  2.2352812289517845e-08
594.0  2.2352812289169036e-08
652.0  2.2352812288742307e-08
715.0  2.235281228823371e-08
784.0  2.2352812287622936e-08
860.0  2.2352812286885124e-08
944.0  2.2352812285990267e-08
1035.0  2.235281228492682e-08
1136.0  2.2352812283631945e-08
1246.0  2.235281228208467e-08
1367.0  2.235281228021753e-08
1499.0  2.235281227798353e-08
1645.0  2.2352812275272838e-08
1804.0  2.2352812272034413e-08
1979.0  2.235281226812495e-08
2171.0  2.2352812263419555e-08
2382.0  2.2352812257746353e-08
2613.0  2.2352812250932493e-08
2866.0  2.23528122427466e-08
3144.0  2.235281223288001e-08
3449.0  2.23528122210051e-08
3783.0  2.235281220674073e-08
4150.0  2.235281218954761e-08
4553.0  2.2352812168835585e-08
4995.0  2.2352812143913526e-08
5479.0  2.2352812113976583e-08
6010.0  2.235281207794971e-08
6593.0  2.2352812034559435e-08
7233.0  2.2352811982304557e-08
7934.0  2.2352811919517756e-08
8704.0  2.2352811843861925e-08
9548.0  2.235281175289076e-08
10474.0  2.2352811643402003e-08
11490.0  2.235281151161996e-08
12604.0  2.235281135311418e-08
13826.0  2.2352811162383946e-08
15167.0  2.2352810932783285e-08
16638.0  2.2352810656497046e-08
18252.0  2.2352810323948e-08
20022.0  2.2352809923885134e-08
21964.0  2.235280944237574e-08
24094.0  2.235280886303298e-08
26431.0  2.2352808165739228e-08
28994.0  2.235280732684962e-08
31806.0  2.2352806317203584e-08
34891.0  2.2352805102105473e-08
38275.0  2.235280363996501e-08
41987.0  2.2352801880555922e-08
46059.0  2.235279976333777e-08
50526.0  2.2352797215492547e-08
55427.0  2.2352794148982662e-08
60802.0  2.2352790459731878e-08
66699.0  2.2352786019675536e-08
73168.0  2.235278067656181e-08
80264.0  2.2352774247176707e-08
88049.0  2.235276650944595e-08
96588.0  2.2352757199224634e-08
105956.0  2.2352745994612854e-08
116232.0  2.2352732512102077e-08
127505.0  2.2352716287215492e-08
139871.0  2.235269676334645e-08
153437.0  2.2352673267984204e-08
168318.0  2.2352644996119356e-08
184642.0  2.235261097584481e-08
202550.0  2.2352570036056055e-08
222195.0  2.23525207713295e-08
243744.0  2.2352461493505445e-08
267384.0  2.2352390160666655e-08
293317.0  2.2352304324972364e-08
321764.0  2.235220104448294e-08
352971.0  2.235207676671369e-08
387204.0  2.235192723343776e-08
424757.0  2.235174731384446e-08
465953.0  2.2351530833711e-08
511143.0  2.2351270386549232e-08
560717.0  2.2350957037878565e-08
615099.0  2.2350580069460697e-08
674754.0  2.2350126601497533e-08
740196.0  2.2349581125477804e-08
811984.0  2.2348925050406795e-08
890735.0  2.23481360160667e-08
977124.0  2.234718719723957e-08
1071891.0  2.2346046414851907e-08
1175850.0  2.234467505456366e-08
1289890.0  2.2343026900978813e-08
1414991.0  2.2341046556600116e-08
1552225.0  2.2338667814304476e-08
1702769.0  2.2335811578123377e-08
1867914.0  2.2332383520461897e-08
2049075.0  2.2328271382306365e-08
2247806.0  2.232334179089709e-08
2465811.0  2.231743677679851e-08
2704960.0  2.231036980679785e-08
2967302.0  2.2301921588130403e-08
3255089.0  2.229183532360541e-08
3570786.0  2.2279812400271747e-08
3917101.0  2.2265507689465732e-08
4297005.0  2.2248525894263902e-08
4713753.0  2.2228419312741564e-08
5170920.0  2.2204687186013245e-08
5672426.0  2.2176778944749946e-08
6222571.0  2.2144101828438902e-08
6826072.0  2.2106034831762112e-08
7488104.0  2.206195055369968e-08
8214344.0  2.2011246487165322e-08
9011018.0  2.1953386620227093e-08
9884959.0  2.188795241584966e-08
10843660.0  2.1814702151649184e-08
11895341.0  2.1733632699696466e-08
13049020.0  2.164503731541551e-08
14314589.0  2.1549550122623024e-08
15702901.0  2.1448166783913562e-08
17225860.0  2.1342233316219642e-08
18896523.0  2.1233397752570602e-08
20729218.0  2.1123526188448177e-08
22739658.0  2.1014593423053368e-08
24945081.0  2.0908561295723052e-08
27364400.0  2.0807264123008305e-08
30018358.0  2.0712318721774614e-08
32929713.0  2.0625071177208104e-08
36123427.0  2.0546588854163297e-08
39626886.0  2.0477698907276666e-08
43470132.0  2.041907419002226e-08
47686117.0  2.0371369783927268e-08
52310993.0  2.033542524284495e-08
57384416.0  2.031257370105228e-08
