1.0  7.118478899673955e-07
2.0  7.231672179567661e-07
3.0  6.890912749219845e-07
4.0  6.713766712181834e-07
5.0  6.605058220740955e-07
6.0  6.53150021650694e-07
7.0  6.478396933920264e-07
8.0  6.438248278874255e-07
9.0  6.406823953861453e-07
10.0  6.381555889384402e-07
11.0  6.360794492399049e-07
12.0  6.343431559835693e-07
13.0  6.328694928512206e-07
14.0  6.316030028876022e-07
15.0  6.305028253021878e-07
16.0  6.295381880000096e-07
17.0  6.286854737510322e-07
18.0  6.279262541625701e-07
19.0  6.27245938325907e-07
20.0  6.26632822991686e-07
21.0  6.260774116235877e-07
23.0  6.251098951943804e-07
24.0  6.246859644540585e-07
26.0  6.239349561921296e-07
27.0  6.236007690261966e-07
29.0  6.230009005080142e-07
30.0  6.227306905259045e-07
32.0  6.222405022315959e-07
34.0  6.218075152320773e-07
36.0  6.214222645784136e-07
38.0  6.210772653186705e-07
41.0  6.20622436653396e-07
43.0  6.20354239958681e-07
46.0  6.199953965073932e-07
48.0  6.197809363734151e-07
51.0  6.194906033463089e-07
54.0  6.192323553188792e-07
57.0  6.190011525435386e-07
61.0  6.187280899530298e-07
64.0  6.18545593453078e-07
68.0  6.183272103280634e-07
72.0  6.181330011849456e-07
77.0  6.179185194561003e-07
81.0  6.177659427887797e-07
86.0  6.175951298644351e-07
91.0  6.174430482163372e-07
97.0  6.172812127991391e-07
102.0  6.171608789572855e-07
108.0  6.170311786869999e-07
115.0  6.168969709218373e-07
122.0  6.167781801175845e-07
129.0  6.166723066160183e-07
137.0  6.165645960170261e-07
145.0  6.164688211730312e-07
153.0  6.163831185207192e-07
163.0  6.162879060183248e-07
172.0  6.162117686604663e-07
183.0  6.161289994472765e-07
193.0  6.160620599112301e-07
205.0  6.159905042291327e-07
217.0  6.159270326875852e-07
230.0  6.158659411302298e-07
244.0  6.158076611925788e-07
258.0  6.157559493741707e-07
274.0  6.157036205944975e-07
290.0  6.156573895246189e-07
307.0  6.156139055098061e-07
326.0  6.155711083258054e-07
345.0  6.155334874952718e-07
365.0  6.154986181133311e-07
387.0  6.154650158684293e-07
410.0  6.154344030350902e-07
435.0  6.154055620155717e-07
461.0  6.153797229238169e-07
488.0  6.153567008034919e-07
517.0  6.153356578358785e-07
548.0  6.153167631249276e-07
581.0  6.153001347370389e-07
615.0  6.152862145832956e-07
652.0  6.152742330094402e-07
691.0  6.152646630657272e-07
732.0  6.152574993292246e-07
775.0  6.152527193163689e-07
821.0  6.152502588531972e-07
870.0  6.152502170482675e-07
922.0  6.152526517655486e-07
977.0  6.152575836181676e-07
1035.0  6.152649991701918e-07
1097.0  6.152750305199334e-07
1162.0  6.152874822856673e-07
1232.0  6.153026985158384e-07
1305.0  6.153201651970694e-07
1383.0  6.153402307635388e-07
1465.0  6.153624958629799e-07
1552.0  6.153870416441412e-07
1645.0  6.154139439399106e-07
1743.0  6.154426596810634e-07
1846.0  6.154728925827182e-07
1956.0  6.155049044571788e-07
2073.0  6.155383323998204e-07
2196.0  6.155725141096281e-07
2327.0  6.156076078855966e-07
2466.0  6.15643188841976e-07
2613.0  6.156788426174405e-07
2768.0  6.157141810440453e-07
2933.0  6.157492634933712e-07
3108.0  6.157836915594459e-07
3293.0  6.15817117946003e-07
3489.0  6.158494100515291e-07
3697.0  6.158804339542978e-07
3917.0  6.159099316780279e-07
4150.0  6.159378196530073e-07
4398.0  6.159641167780347e-07
4660.0  6.15988533943043e-07
4937.0  6.160110292901786e-07
5231.0  6.160316154291946e-07
5543.0  6.160501922380542e-07
5873.0  6.160665893228086e-07
6223.0  6.160807027266317e-07
6593.0  6.160922759015947e-07
6986.0  6.161010510372318e-07
7402.0  6.161065472153942e-07
7843.0  6.161081434410074e-07
8310.0  6.161049529185896e-07
8805.0  6.160957403577625e-07
9329.0  6.160788219879916e-07
9885.0  6.160518176598626e-07
10474.0  6.160115816077794e-07
11098.0  6.159538505509329e-07
11758.0  6.158731185874568e-07
12459.0  6.15761637780228e-07
13201.0  6.156103396963012e-07
13987.0  6.154076649917155e-07
14820.0  6.151401471953972e-07
15703.0  6.147934014573765e-07
16638.0  6.143547272044789e-07
17629.0  6.138151434022456e-07
18679.0  6.131749663721746e-07
19792.0  6.124468416916108e-07
20970.0  6.116593194229183e-07
22219.0  6.108501770418252e-07
23543.0  6.100633681542804e-07
24945.0  6.093389506199731e-07
26431.0  6.087035808258454e-07
28005.0  6.081703501005758e-07
29673.0  6.077385848473223e-07
31440.0  6.073991003014665e-07
33313.0  6.071379001174511e-07
35297.0  6.069403253272366e-07
37399.0  6.067925218233176e-07
39627.0  6.06682707313961e-07
41987.0  6.066014972445867e-07
44488.0  6.06541494375997e-07
47138.0  6.064971421743683e-07
49945.0  6.06464297061511e-07
52920.0  6.064398807376731e-07
56072.0  6.064216677968969e-07
59411.0  6.064080308014001e-07
62950.0  6.063977822093072e-07
66699.0  6.063900768530352e-07
70672.0  6.063843004815538e-07
74881.0  6.063800255395191e-07
79341.0  6.063769583220413e-07
84067.0  6.063749193031712e-07
89074.0  6.062929691735869e-07
