1.0  2.3066928998941074e-08
2.0  2.306692899894105e-08
3.0  2.3066928998941008e-08
4.0  2.3066928998940975e-08
5.0  2.3066928998940916e-08
6.0  2.3066928998940833e-08
7.0  2.3066928998940737e-08
8.0  2.3066928998940598e-08
9.0  2.3066928998940475e-08
10.0  2.3066928998940337e-08
11.0  2.3066928998940204e-08
12.0  2.306692899893993e-08
13.0  2.3066928998939814e-08
15.0  2.3066928998939374e-08
16.0  2.306692899893914e-08
18.0  2.306692899893861e-08
19.0  2.3066928998938328e-08
21.0  2.3066928998937666e-08
23.0  2.3066928998937048e-08
26.0  2.3066928998935913e-08
28.0  2.3066928998935036e-08
31.0  2.3066928998933703e-08
34.0  2.3066928998932204e-08
37.0  2.3066928998930582e-08
41.0  2.3066928998928157e-08
44.0  2.30669289989262e-08
49.0  2.306692899892264e-08
54.0  2.3066928998918678e-08
59.0  2.3066928998914347e-08
64.0  2.30669289989096e-08
71.0  2.3066928998902376e-08
78.0  2.3066928998894316e-08
85.0  2.3066928998885584e-08
93.0  2.3066928998874645e-08
102.0  2.306692899886114e-08
112.0  2.3066928998844734e-08
123.0  2.3066928998824912e-08
135.0  2.3066928998801086e-08
148.0  2.306692899877283e-08
163.0  2.3066928998737e-08
178.0  2.306692899869769e-08
196.0  2.3066928998645973e-08
215.0  2.3066928998585986e-08
235.0  2.306692899851683e-08
258.0  2.3066928998429754e-08
283.0  2.306692899832582e-08
311.0  2.306692899819801e-08
341.0  2.3066928998047752e-08
374.0  2.3066928997866484e-08
410.0  2.306692899764955e-08
450.0  2.306692899738526e-08
494.0  2.306692899706616e-08
542.0  2.306692899668409e-08
594.0  2.3066928996230152e-08
652.0  2.3066928995674932e-08
715.0  2.3066928995013244e-08
784.0  2.3066928994218528e-08
860.0  2.3066928993258433e-08
944.0  2.3066928992094093e-08
1035.0  2.3066928990710386e-08
1136.0  2.3066928989025554e-08
1246.0  2.306692898701231e-08
1367.0  2.3066928984582887e-08
1499.0  2.3066928981676104e-08
1645.0  2.3066928978149092e-08
1804.0  2.30669289739354e-08
1979.0  2.3066928968848568e-08
2171.0  2.3066928962726138e-08
2382.0  2.3066928955344487e-08
2613.0  2.3066928946478603e-08
2866.0  2.306692893582745e-08
3144.0  2.3066928922989523e-08
3449.0  2.3066928907538484e-08
3783.0  2.3066928888978364e-08
4150.0  2.3066928866607668e-08
4553.0  2.3066928839658226e-08
4995.0  2.3066928807230843e-08
5479.0  2.30669287682784e-08
6010.0  2.3066928721401997e-08
6593.0  2.3066928664944813e-08
7233.0  2.3066928596953435e-08
7934.0  2.3066928515258534e-08
8704.0  2.3066928416818988e-08
9548.0  2.3066928298452103e-08
10474.0  2.3066928155991084e-08
11490.0  2.306692798452314e-08
12604.0  2.3066927778283565e-08
13826.0  2.306692753011536e-08
15167.0  2.306692723137103e-08
16638.0  2.3066926871881814e-08
18252.0  2.306692643918649e-08
20022.0  2.306692591864565e-08
21964.0  2.3066925292130867e-08
24094.0  2.306692453832062e-08
26431.0  2.306692363103857e-08
28994.0  2.3066922539519547e-08
31806.0  2.3066921225821328e-08
34891.0  2.3066919644799716e-08
38275.0  2.306691774233952e-08
41987.0  2.30669154530892e-08
46059.0  2.306691269827649e-08
50526.0  2.3066909383154568e-08
55427.0  2.3066905393173454e-08
60802.0  2.3066900592914648e-08
66699.0  2.3066894815747153e-08
73168.0  2.306688786356864e-08
80264.0  2.3066879497990504e-08
88049.0  2.306686943006131e-08
96588.0  2.3066857316088997e-08
105956.0  2.306684273723386e-08
116232.0  2.3066825194493778e-08
127505.0  2.306680408351444e-08
139871.0  2.3066778680066504e-08
153437.0  2.3066748109111303e-08
168318.0  2.3066711323208242e-08
184642.0  2.3066667057756497e-08
202550.0  2.306661378896619e-08
222195.0  2.306654968815991e-08
243744.0  2.3066472558771738e-08
267384.0  2.3066379743935887e-08
293317.0  2.3066268058605646e-08
321764.0  2.306613367481902e-08
352971.0  2.3065971970175104e-08
387204.0  2.3065777403955513e-08
424757.0  2.3065543300019996e-08
465953.0  2.3065261624505063e-08
511143.0  2.3064922740058615e-08
560717.0  2.306451502099597e-08
615099.0  2.3064024520428443e-08
674754.0  2.3063434478565015e-08
740196.0  2.3062724714698906e-08
811984.0  2.3061871036534123e-08
890735.0  2.306084434626551e-08
977124.0  2.3059609734742296e-08
1071891.0  2.3058125324172384e-08
1175850.0  2.3056340859944966e-08
1289890.0  2.305419619219267e-08
1414991.0  2.3051619216337563e-08
1552225.0  2.3048523752198586e-08
1702769.0  2.304480683396163e-08
1867914.0  2.3040345655241617e-08
2049075.0  2.303499404682529e-08
2247806.0  2.3028578322615065e-08
2465811.0  2.3020892728990026e-08
2704960.0  2.3011694256591445e-08
2967302.0  2.300069714426797e-08
3255089.0  2.298756665441583e-08
3570786.0  2.297191339412934e-08
3917101.0  2.2953287106179467e-08
4297005.0  2.293117179249585e-08
4713753.0  2.2904982642979087e-08
5170920.0  2.2874064983044926e-08
5672426.0  2.283769824953997e-08
6222571.0  2.279510561601266e-08
6826072.0  2.2745471828189962e-08
7488104.0  2.268797133716163e-08
8214344.0  2.2621808797391613e-08
9011018.0  2.2546273164918605e-08
9884959.0  2.246080431792853e-08
10843660.0  2.2365071044686475e-08
11895341.0  2.2259052852028266e-08
13049020.0  2.2143117331868375e-08
14314589.0  2.2018080935955576e-08
15702901.0  2.1885239231777447e-08
17225860.0  2.1746355672440808e-08
18896523.0  2.160360123288227e-08
20729218.0  2.1459446056437303e-08
22739658.0  2.1316515671936036e-08
24945081.0  2.1177428434185594e-08
27364400.0  2.104463962843106e-08
30018358.0  2.092031574853696e-08
32929713.0  2.0806255948413874e-08
36123427.0  2.0703873087291133e-08
39626886.0  2.0614237220325166e-08
43470132.0  2.0538183614692952e-08
47686117.0  2.047649003790647e-08
52310993.0  2.0430143409511797e-08
57384416.0  2.0400750351278494e-08
