1.0  4.553912255840136e-07
2.0  6.063670253430051e-07
3.0  6.06365307784982e-07
4.0  6.06364441677756e-07
5.0  6.063639195478612e-07
6.0  6.063635704039996e-07
7.0  6.063633204878635e-07
8.0  6.063631327582787e-07
9.0  6.063629865713263e-07
10.0  6.063628695106043e-07
11.0  6.063627736596938e-07
12.0  6.063626937327953e-07
13.0  6.06362626065876e-07
14.0  6.06362568038932e-07
15.0  6.063625177288896e-07
16.0  6.063624736923162e-07
17.0  6.063624348245999e-07
18.0  6.063624002661247e-07
19.0  6.063623693378499e-07
20.0  6.063623414963213e-07
21.0  6.063623163013718e-07
23.0  6.063622722529289e-07
24.0  6.063622532930905e-07
26.0  6.063622191333318e-07
27.0  6.063622042658319e-07
29.0  6.06362176988627e-07
30.0  6.063621650306856e-07
32.0  6.063621427358385e-07
34.0  6.063621232546203e-07
36.0  6.063621059353835e-07
38.0  6.063620904370942e-07
41.0  6.063620698018043e-07
43.0  6.063620579921011e-07
46.0  6.06362041687338e-07
48.0  6.063620322996198e-07
51.0  6.06362019079932e-07
54.0  6.06362007522911e-07
57.0  6.063619971810797e-07
61.0  6.06361984752736e-07
64.0  6.063619768163859e-07
68.0  6.063619668398156e-07
72.0  6.063619581656323e-07
77.0  6.063619483685926e-07
81.0  6.063619417764499e-07
86.0  6.063619339312354e-07
91.0  6.063619271420198e-07
97.0  6.063619196968901e-07
102.0  6.063619145431197e-07
108.0  6.063619085297791e-07
115.0  6.063619023121955e-07
122.0  6.063618969997452e-07
129.0  6.06361892260981e-07
137.0  6.063618872149649e-07
145.0  6.063618829176314e-07
153.0  6.063618790660524e-07
163.0  6.063618743386445e-07
172.0  6.06361871120866e-07
183.0  6.063618669328999e-07
193.0  6.063618641099817e-07
205.0  6.063618604037127e-07
217.0  6.063618574903318e-07
230.0  6.063618544484797e-07
244.0  6.063618515154495e-07
258.0  6.063618490858867e-07
274.0  6.06361846160488e-07
290.0  6.063618439348985e-07
307.0  6.063618415891963e-07
326.0  6.06361839017226e-07
345.0  6.06361837099915e-07
365.0  6.063618350561403e-07
387.0  6.063618328026093e-07
410.0  6.063618308661827e-07
435.0  6.063618287337437e-07
461.0  6.06361826911884e-07
488.0  6.063618251698548e-07
517.0  6.063618232279143e-07
548.0  6.063618213072824e-07
581.0  6.063618194070212e-07
615.0  6.063618177838966e-07
652.0  6.063618156918132e-07
691.0  6.063618138271838e-07
732.0  6.063618119635569e-07
775.0  6.063618100935894e-07
821.0  6.063618079580318e-07
870.0  6.063618057708613e-07
922.0  6.063618035244673e-07
977.0  6.063618012098668e-07
1035.0  6.063617988169343e-07
1097.0  6.063617960847335e-07
1162.0  6.063617934703766e-07
1232.0  6.063617902398042e-07
1305.0  6.063617873175756e-07
1383.0  6.063617837451375e-07
1465.0  6.063617801940888e-07
1552.0  6.063617761710617e-07
1645.0  6.063617716163055e-07
1743.0  6.063617669762936e-07
1846.0  6.063617620034004e-07
1956.0  6.063617561486674e-07
2073.0  6.063617498104585e-07
2196.0  6.063617432086826e-07
2327.0  6.063617355514165e-07
2466.0  6.063617272232525e-07
2613.0  6.063617181659761e-07
2768.0  6.063617083188587e-07
2933.0  6.063616970665104e-07
3108.0  6.06361684766153e-07
3293.0  6.063616713319773e-07
3489.0  6.06361656389926e-07
3697.0  6.063616397700603e-07
3917.0  6.06361621578364e-07
4150.0  6.063616014026321e-07
4398.0  6.063615787337932e-07
4660.0  6.06361554162067e-07
4937.0  6.063615270175324e-07
5231.0  6.063614967425005e-07
5543.0  6.063614632848861e-07
5873.0  6.063614266809731e-07
6223.0  6.063613861033801e-07
6593.0  6.063613418005156e-07
6986.0  6.063612925919098e-07
7402.0  6.063612389411902e-07
7843.0  6.063611799913144e-07
8310.0  6.063611156718291e-07
8805.0  6.063610453654763e-07
9329.0  6.063609690496744e-07
9885.0  6.06360885809791e-07
10474.0  6.063607959278547e-07
11098.0  6.063606989536361e-07
11758.0  6.063605950992011e-07
12459.0  6.063604829808843e-07
13201.0  6.063603640326986e-07
13987.0  6.063602376069286e-07
14820.0  6.063601038468889e-07
15703.0  6.063599630385209e-07
16638.0  6.063598159827471e-07
17629.0  6.063596626770858e-07
18679.0  6.063595040749146e-07
19792.0  6.063593406904051e-07
20970.0  6.06359174087418e-07
22219.0  6.063590040894417e-07
23543.0  6.06358832203764e-07
24945.0  6.063586598777329e-07
26431.0  6.06358487363029e-07
28005.0  6.063583162383082e-07
29673.0  6.063581469725778e-07
31440.0  6.063579807472257e-07
33313.0  6.063578178519148e-07
35297.0  6.063576595358498e-07
37399.0  6.063575059206829e-07
39627.0  6.063573572111982e-07
41987.0  6.063572142956577e-07
44488.0  6.063570767120918e-07
47138.0  6.063569448646611e-07
49945.0  6.063568188623651e-07
52920.0  6.06356698004805e-07
56072.0  6.063565827404804e-07
59411.0  6.063564728056943e-07
62950.0  6.06356367447659e-07
66699.0  6.063562673445272e-07
70672.0  6.063561716195381e-07
74881.0  6.063560808659577e-07
79341.0  6.063559946851136e-07
84067.0  6.063559135761218e-07
89074.0  6.062749741478623e-07
