1.0  9.508586794647091e-08
2.0  9.50858679464702e-08
3.0  9.508586794647028e-08
4.0  9.508586794647053e-08
5.0  9.508586794647049e-08
6.0  9.508586794647051e-08
7.0  9.50858679464701e-08
8.0  9.508586794647066e-08
9.0  9.508586794647089e-08
10.0  9.508586794647005e-08
11.0  9.508586794646999e-08
12.0  9.50858679464705e-08
13.0  9.50858679464703e-08
14.0  9.50858679464702e-08
16.0  9.508586794647008e-08
17.0  9.508586794647128e-08
18.0  9.508586794647086e-08
20.0  9.50858679464702e-08
22.0  9.508586794647017e-08
24.0  9.508586794647046e-08
26.0  9.508586794647104e-08
28.0  9.50858679464706e-08
30.0  9.508586794647108e-08
33.0  9.508586794647063e-08
35.0  9.508586794647034e-08
38.0  9.508586794647061e-08
42.0  9.508586794647078e-08
45.0  9.508586794646999e-08
49.0  9.508586794647042e-08
53.0  9.508586794647042e-08
57.0  9.508586794647032e-08
62.0  9.508586794647079e-08
67.0  9.50858679464701e-08
73.0  9.50858679464704e-08
79.0  9.508586794647079e-08
86.0  9.508586794647063e-08
93.0  9.508586794646999e-08
101.0  9.508586794647048e-08
110.0  9.508586794647025e-08
119.0  9.5085867946471e-08
129.0  9.508586794647108e-08
140.0  9.508586794647054e-08
152.0  9.508586794647054e-08
164.0  9.508586794647057e-08
178.0  9.508586794646972e-08
193.0  9.508586794647152e-08
210.0  9.508586794647078e-08
227.0  9.508586794646988e-08
247.0  9.50858679464701e-08
267.0  9.508586794647063e-08
290.0  9.508586794647041e-08
314.0  9.508586794646999e-08
341.0  9.508586794647049e-08
370.0  9.50858679464706e-08
401.0  9.508586794647054e-08
435.0  9.508586794647083e-08
471.0  9.508586794647032e-08
511.0  9.508586794647141e-08
554.0  9.508586794647077e-08
601.0  9.508586794647083e-08
652.0  9.508586794647095e-08
707.0  9.508586794646984e-08
766.0  9.50858679464702e-08
831.0  9.508586794647082e-08
901.0  9.508586794647073e-08
977.0  9.508586794647054e-08
1060.0  9.508586794647139e-08
1149.0  9.508586794647033e-08
1246.0  9.508586794647061e-08
1351.0  9.508586794647017e-08
1465.0  9.508586794647094e-08
1589.0  9.508586794647063e-08
1723.0  9.508586794646995e-08
1868.0  9.50858679464704e-08
2026.0  9.508586794647012e-08
2196.0  9.508586794647017e-08
2382.0  9.508586794647063e-08
2583.0  9.508586794647122e-08
2801.0  9.508586794647057e-08
3037.0  9.508586794647095e-08
3293.0  9.508586794647075e-08
3571.0  9.50858679464707e-08
3872.0  9.508586794647051e-08
4199.0  9.508586794647082e-08
4553.0  9.508586794647063e-08
4937.0  9.508586794647096e-08
5354.0  9.508586794647045e-08
5805.0  9.50858679464701e-08
6295.0  9.508586794647029e-08
6826.0  9.508586794647024e-08
7402.0  9.508586794646984e-08
8026.0  9.508586794647001e-08
8704.0  9.508586794646926e-08
9438.0  9.508586794646984e-08
10234.0  9.50858679464694e-08
11098.0  9.508586794646886e-08
12034.0  9.508586794646862e-08
13049.0  9.508586794646887e-08
14150.0  9.508586794646854e-08
15344.0  9.508586794646779e-08
16638.0  9.508586794646661e-08
18042.0  9.508586794646596e-08
19564.0  9.508586794646484e-08
21215.0  9.508586794646416e-08
23004.0  9.508586794646264e-08
24945.0  9.508586794646144e-08
27050.0  9.508586794645975e-08
29332.0  9.508586794645725e-08
31806.0  9.50858679464541e-08
34490.0  9.508586794645065e-08
37399.0  9.508586794644726e-08
40555.0  9.50858679464432e-08
43976.0  9.508586794643871e-08
47686.0  9.508586794643188e-08
51709.0  9.508586794642442e-08
56072.0  9.508586794641621e-08
60802.0  9.508586794640545e-08
65932.0  9.508586794639391e-08
71494.0  9.50858679463795e-08
77526.0  9.508586794636292e-08
84067.0  9.508586794634476e-08
91159.0  9.508586794632084e-08
98850.0  9.5085867946294e-08
107189.0  9.508586794626222e-08
116232.0  9.508586794622421e-08
126038.0  9.508586794618012e-08
136672.0  9.508586794612769e-08
148202.0  9.50858679460667e-08
160705.0  9.508586794599487e-08
174263.0  9.508586794590953e-08
188965.0  9.508586794580997e-08
204907.0  9.508586794569273e-08
222195.0  9.508586794555326e-08
240940.0  9.508586794539083e-08
261268.0  9.508586794519991e-08
283310.0  9.508586794497563e-08
307211.0  9.508586794471256e-08
333129.0  9.508586794440405e-08
361234.0  9.508586794404161e-08
391710.0  9.508586794361699e-08
424757.0  9.50858679431191e-08
460592.0  9.508586794253687e-08
499451.0  9.508586794185511e-08
541587.0  9.508586794105887e-08
587279.0  9.508586794013e-08
636825.0  9.508586793904877e-08
690551.0  9.508586793779082e-08
748810.0  9.508586793633101e-08
811984.0  9.508586793464122e-08
880488.0  9.508586793269097e-08
954772.0  9.508586793044797e-08
1035322.0  9.508586792788e-08
1122668.0  9.508586792495425e-08
1217383.0  9.508586792164215e-08
1320088.0  9.508586791791804e-08
1431459.0  9.508586791377148e-08
1552225.0  9.508586790920698e-08
1683180.0  9.508586790425127e-08
1825183.0  9.50858678989698e-08
1979167.0  9.508586789347063e-08
2146141.0  9.508586788792802e-08
2327202.0  9.5085867882585e-08
2523539.0  9.508586787777519e-08
2736440.0  9.508586787392724e-08
2967302.0  9.50858678715571e-08
