1.0  9.974944716572297e-08
2.0  9.97494471657228e-08
3.0  9.97494471657224e-08
4.0  9.974944716572345e-08
5.0  9.974944716572238e-08
6.0  9.974944716572284e-08
7.0  9.974944716572281e-08
8.0  9.974944716572343e-08
9.0  9.974944716572216e-08
10.0  9.974944716572292e-08
11.0  9.974944716572187e-08
12.0  9.97494471657224e-08
13.0  9.974944716572235e-08
14.0  9.974944716572238e-08
16.0  9.974944716572231e-08
17.0  9.97494471657227e-08
18.0  9.974944716572216e-08
20.0  9.974944716572273e-08
22.0  9.974944716572288e-08
24.0  9.974944716572298e-08
26.0  9.974944716572248e-08
28.0  9.97494471657224e-08
30.0  9.974944716572248e-08
33.0  9.974944716572219e-08
35.0  9.974944716572248e-08
38.0  9.97494471657227e-08
42.0  9.974944716572263e-08
45.0  9.974944716572309e-08
49.0  9.97494471657228e-08
53.0  9.974944716572349e-08
57.0  9.974944716572238e-08
62.0  9.974944716572294e-08
67.0  9.974944716572243e-08
73.0  9.974944716572223e-08
79.0  9.97494471657224e-08
86.0  9.97494471657227e-08
93.0  9.974944716572234e-08
101.0  9.974944716572276e-08
110.0  9.974944716572218e-08
119.0  9.974944716572276e-08
129.0  9.974944716572273e-08
140.0  9.974944716572284e-08
152.0  9.974944716572264e-08
164.0  9.974944716572302e-08
178.0  9.974944716572324e-08
193.0  9.974944716572163e-08
210.0  9.974944716572208e-08
227.0  9.974944716572259e-08
247.0  9.97494471657224e-08
267.0  9.974944716572313e-08
290.0  9.974944716572285e-08
314.0  9.974944716572277e-08
341.0  9.974944716572263e-08
370.0  9.974944716572302e-08
401.0  9.974944716572234e-08
435.0  9.974944716572287e-08
471.0  9.974944716572248e-08
511.0  9.974944716572231e-08
554.0  9.974944716572187e-08
601.0  9.974944716572283e-08
652.0  9.974944716572309e-08
707.0  9.974944716572285e-08
766.0  9.974944716572223e-08
831.0  9.974944716572212e-08
901.0  9.974944716572235e-08
977.0  9.974944716572259e-08
1060.0  9.974944716572216e-08
1149.0  9.974944716572309e-08
1246.0  9.974944716572283e-08
1351.0  9.974944716572316e-08
1465.0  9.974944716572239e-08
1589.0  9.974944716572222e-08
1723.0  9.974944716572275e-08
1868.0  9.974944716572263e-08
2026.0  9.974944716572248e-08
2196.0  9.974944716572252e-08
2382.0  9.974944716572305e-08
2583.0  9.974944716572256e-08
2801.0  9.9749447165723e-08
3037.0  9.974944716572224e-08
3293.0  9.974944716572284e-08
3571.0  9.974944716572187e-08
3872.0  9.97494471657228e-08
4199.0  9.974944716572268e-08
4553.0  9.974944716572228e-08
4937.0  9.974944716572179e-08
5354.0  9.974944716572207e-08
5805.0  9.974944716572194e-08
6295.0  9.974944716572187e-08
6826.0  9.974944716572146e-08
7402.0  9.97494471657215e-08
8026.0  9.974944716572107e-08
8704.0  9.974944716572066e-08
9438.0  9.97494471657205e-08
10234.0  9.974944716571997e-08
11098.0  9.974944716571859e-08
12034.0  9.974944716571855e-08
13049.0  9.974944716571692e-08
14150.0  9.9749447165716e-08
15344.0  9.974944716571503e-08
16638.0  9.974944716571409e-08
18042.0  9.974944716571286e-08
19564.0  9.974944716571072e-08
21215.0  9.974944716570902e-08
23004.0  9.974944716570615e-08
24945.0  9.97494471657027e-08
27050.0  9.974944716569895e-08
29332.0  9.974944716569477e-08
31806.0  9.974944716569021e-08
34490.0  9.974944716568431e-08
37399.0  9.974944716567702e-08
40555.0  9.974944716566848e-08
43976.0  9.974944716565823e-08
47686.0  9.97494471656469e-08
51709.0  9.974944716563285e-08
56072.0  9.974944716561729e-08
60802.0  9.974944716559765e-08
65932.0  9.974944716557556e-08
71494.0  9.974944716554851e-08
77526.0  9.974944716551737e-08
84067.0  9.974944716548011e-08
91159.0  9.97494471654369e-08
98850.0  9.974944716538626e-08
107189.0  9.974944716532669e-08
116232.0  9.974944716525577e-08
126038.0  9.974944716517186e-08
136672.0  9.974944716507449e-08
148202.0  9.974944716495925e-08
160705.0  9.974944716482509e-08
174263.0  9.974944716466634e-08
188965.0  9.974944716447942e-08
204907.0  9.974944716425979e-08
222195.0  9.974944716400147e-08
240940.0  9.974944716369978e-08
261268.0  9.974944716334302e-08
283310.0  9.97494471629245e-08
307211.0  9.974944716243564e-08
333129.0  9.974944716185939e-08
361234.0  9.974944716118475e-08
391710.0  9.974944716039398e-08
424757.0  9.974944715946765e-08
460592.0  9.974944715838421e-08
499451.0  9.974944715711663e-08
541587.0  9.974944715563689e-08
587279.0  9.974944715391069e-08
636825.0  9.974944715189913e-08
690551.0  9.974944714956072e-08
748810.0  9.974944714684885e-08
811984.0  9.974944714370903e-08
880488.0  9.974944714008588e-08
954772.0  9.974944713592e-08
1035322.0  9.974944713115055e-08
1122668.0  9.974944712571636e-08
1217383.0  9.974944711956447e-08
1320088.0  9.974944711265034e-08
1431459.0  9.974944710495086e-08
1552225.0  9.974944709647537e-08
1683180.0  9.974944708727549e-08
1825183.0  9.974944707747069e-08
1979167.0  9.974944706726369e-08
2146141.0  9.97494470569725e-08
2327202.0  9.97494470470536e-08
2523539.0  9.974944703812528e-08
2736440.0  9.974944703098195e-08
2967302.0  9.974944702658407e-08
