1.0  4.000708229520357e-06
2.0  2.8294838465260327e-06
3.0  2.3107177105288736e-06
4.0  2.001533184274435e-06
5.0  1.790577096288175e-06
6.0  1.6348864907851393e-06
7.0  1.5139076384481683e-06
8.0  1.4164085613803912e-06
9.0  1.3356645054372554e-06
10.0  1.267370836713381e-06
11.0  1.208627309849969e-06
12.0  1.1573990615822596e-06
13.0  1.112210632747957e-06
14.0  1.071962610239468e-06
15.0  1.0358167491170305e-06
16.0  1.0031212664734677e-06
17.0  9.73360695545925e-07
18.0  9.461212947703358e-07
19.0  9.210666133197102e-07
20.0  8.979198671101712e-07
21.0  8.764509899310444e-07
22.0  8.564669613784794e-07
23.0  8.378044746544567e-07
24.0  8.203243034013976e-07
25.0  8.039069210741668e-07
26.0  7.884490564862027e-07
27.0  7.738609579215831e-07
28.0  7.600641997560648e-07
29.0  7.46989908872726e-07
30.0  7.345773191099396e-07
31.0  7.227725843710804e-07
32.0  7.115277974195166e-07
33.0  7.008001735196506e-07
34.0  6.905513671637786e-07
35.0  6.807468969819441e-07
36.0  6.713556591582797e-07
37.0  6.62349513694253e-07
38.0  6.537029309716767e-07
39.0  6.45392688497304e-07
40.0  6.373976096208341e-07
41.0  6.296983375290887e-07
42.0  6.222771390226974e-07
43.0  6.151177335456414e-07
44.0  6.082051437147694e-07
45.0  6.015255642255119e-07
46.0  5.950662465222769e-07
47.0  5.888153970410637e-07
48.0  5.827620871762611e-07
49.0  5.768961734080487e-07
50.0  5.712082262625012e-07
51.0  5.656894669728538e-07
52.0  5.603317108743811e-07
53.0  5.551273167029632e-07
54.0  5.50069141083204e-07
55.0  5.451504975898665e-07
56.0  5.403651198492651e-07
57.0  5.357071282177943e-07
58.0  5.311709996348442e-07
59.0  5.267515402988586e-07
60.0  5.22443860859281e-07
61.0  5.182433538552e-07
62.0  5.141456731640767e-07
63.0  5.101467152523525e-07
64.0  5.062426020441114e-07
65.0  5.024296652453778e-07
66.0  4.987044319800906e-07
67.0  4.950636116099805e-07
69.0  4.880228865014342e-07
70.0  4.846172074422792e-07
71.0  4.812843729109306e-07
72.0  4.780218398940987e-07
73.0  4.7482718782414144e-07
74.0  4.7169811110419765e-07
75.0  4.686324121835339e-07
77.0  4.626828596976208e-07
78.0  4.597950957290966e-07
79.0  4.569628780612408e-07
81.0  4.5145817735075534e-07
82.0  4.487824272595462e-07
83.0  4.4615568131035226e-07
85.0  4.410433980063948e-07
86.0  4.385551070670181e-07
87.0  4.361103069378692e-07
89.0  4.313462601847417e-07
90.0  4.2902467421080837e-07
92.0  4.2449686423844997e-07
93.0  4.222885601941144e-07
95.0  4.179782427739134e-07
96.0  4.158743728556938e-07
98.0  4.1176481918622606e-07
99.0  4.0975747245516615e-07
101.0  4.0583369896210523e-07
103.0  4.0202621259305396e-07
104.0  4.001643187224061e-07
106.0  3.965209171629137e-07
108.0  3.929805324170001e-07
109.0  3.9124748513994577e-07
111.0  3.8785287321487173e-07
113.0  3.8455003202180194e-07
115.0  3.813349416816648e-07
117.0  3.7820382417298894e-07
119.0  3.751531249489517e-07
121.0  3.7217949623338994e-07
122.0  3.707205899054783e-07
124.0  3.678567051025909e-07
127.0  3.63690346937528e-07
129.0  3.609951530664863e-07
131.0  3.583629045178991e-07
133.0  3.557912173989355e-07
135.0  3.532778320747677e-07
137.0  3.5082060496864595e-07
139.0  3.4841750101363467e-07
142.0  3.449101226056679e-07
144.0  3.426340738740575e-07
146.0  3.404057843516941e-07
149.0  3.371493637109465e-07
151.0  3.350335260443832e-07
154.0  3.3193882448478916e-07
156.0  3.2992640679333993e-07
159.0  3.269806381815266e-07
161.0  3.2506359031044777e-07
164.0  3.2225533723981276e-07
166.0  3.204264577929744e-07
169.0  3.177454889268531e-07
172.0  3.1513641464943876e-07
175.0  3.125961256077238e-07
178.0  3.1012169701316145e-07
180.0  3.0850730041836334e-07
183.0  3.0613659767032817e-07
186.0  3.038247569007674e-07
189.0  3.0156942073456013e-07
192.0  2.993683615034838e-07
196.0  2.965144212847578e-07
199.0  2.944320075853416e-07
202.0  2.923972716640059e-07
205.0  2.9040845278861723e-07
209.0  2.8782524426537787e-07
212.0  2.8593720944200595e-07
215.0  2.8408983687872435e-07
219.0  2.816874945618235e-07
223.0  2.7935177460726174e-07
226.0  2.776419140425098e-07
230.0  2.7541575434742884e-07
234.0  2.732484861412796e-07
237.0  2.716601721542723e-07
241.0  2.6959003296691906e-07
245.0  2.6757225037498944e-07
249.0  2.656046984040271e-07
253.0  2.6368536953248253e-07
257.0  2.618123663496288e-07
261.0  2.5998389392008066e-07
266.0  2.577583443016272e-07
270.0  2.560239875199416e-07
274.0  2.543289549049648e-07
279.0  2.5226329072684086e-07
283.0  2.506516142648615e-07
288.0  2.486859930858895e-07
293.0  2.46772594035217e-07
297.0  2.4527797951515904e-07
302.0  2.4345307690353165e-07
307.0  2.4167450372912585e-07
312.0  2.3994037971215583e-07
317.0  2.3824892916932979e-07
322.0  2.3659847366179685e-07
328.0  2.3466981070415916e-07
333.0  2.3310407313006026e-07
338.0  2.3157453817839382e-07
344.0  2.297850055698282e-07
350.0  2.2804349966174238e-07
355.0  2.266274469467609e-07
361.0  2.2496874466353478e-07
367.0  2.2335255759729686e-07
373.0  2.217771505207205e-07
379.0  2.2024088516747215e-07
385.0  2.1874221338918048e-07
391.0  2.1727967089306627e-07
398.0  2.1561718950359242e-07
404.0  2.1422826868123355e-07
411.0  2.126482011294068e-07
417.0  2.1132710070102232e-07
424.0  2.098230510097143e-07
431.0  2.0835752315748937e-07
438.0  2.0692895195966257e-07
445.0  2.055358592060788e-07
453.0  2.0398540718183881e-07
460.0  2.0266373068112134e-07
467.0  2.013733879477827e-07
475.0  1.999355707967806e-07
483.0  1.9853548230146075e-07
491.0  1.9717155693643528e-07
499.0  1.95842317907901e-07
507.0  1.9454637080767995e-07
515.0  1.932823978126686e-07
523.0  1.9204915237516963e-07
532.0  1.9069701331855384e-07
540.0  1.8952522247085075e-07
549.0  1.8823946794677975e-07
558.0  1.8698677168037916e-07
567.0  1.8576579427311377e-07
576.0  1.84575270383937e-07
586.0  1.8328673013036773e-07
595.0  1.8215664580400618e-07
605.0  1.8093254450678472e-07
615.0  1.7974031720751019e-07
625.0  1.7857865977495532e-07
635.0  1.7744634081421254e-07
645.0  1.7634219655080586e-07
656.0  1.751588675583466e-07
667.0  1.740069156409189e-07
677.0  1.7298581596634265e-07
688.0  1.7189020695714127e-07
700.0  1.7072664620391194e-07
711.0  1.6968787480076557e-07
723.0  1.6858376879377993e-07
734.0  1.675972891984297e-07
746.0  1.6654795435616405e-07
758.0  1.6552550438828514e-07
771.0  1.6444694240143823e-07
783.0  1.6347711411543155e-07
796.0  1.6245323960113235e-07
809.0  1.6145608768709614e-07
822.0  1.6048457113754267e-07
835.0  1.595376628335217e-07
849.0  1.5854432308482302e-07
863.0  1.5757725192660846e-07
877.0  1.566353687492944e-07
891.0  1.5571765329626434e-07
906.0  1.547601112059758e-07
920.0  1.5388944965557118e-07
935.0  1.5298028870002188e-07
951.0  1.5203642946481936e-07
966.0  1.5117485807325418e-07
982.0  1.5027967353912202e-07
998.0  1.49408084078307e-07
1014.0  1.4855912642084745e-07
1030.0  1.4773189059014102e-07
1047.0  1.4687579163602318e-07
1064.0  1.4604226884203392e-07
1082.0  1.4518330055063355e-07
1099.0  1.4439341649570522e-07
1117.0  1.4357876074296811e-07
1135.0  1.4278551518110484e-07
1154.0  1.419704692385837e-07
1172.0  1.4121855955205198e-07
1191.0  1.4044536993538248e-07
1211.0  1.3965329536415614e-07
1231.0  1.3888265889810267e-07
1251.0  1.3813256780102315e-07
1271.0  1.3740217954783795e-07
1292.0  1.366556068487938e-07
1313.0  1.3592900962852394e-07
1334.0  1.3522156699893044e-07
1356.0  1.3450013685146032e-07
1378.0  1.337980366829954e-07
1400.0  1.3311447215189403e-07
1423.0  1.3241884118739137e-07
1446.0  1.3174183991145403e-07
1469.0  1.3108270419169012e-07
1493.0  1.3041317764032382e-07
1518.0  1.2973476950643073e-07
1542.0  1.2910099636583226e-07
1567.0  1.2845829023117715e-07
1593.0  1.2780801068199952e-07
1619.0  1.2717545067356697e-07
1645.0  1.2655987324735607e-07
1672.0  1.2593784924373353e-07
1699.0  1.2533265383636336e-07
1727.0  1.2472207709025262e-07
1755.0  1.2412812200993832e-07
1783.0  1.2355009947808713e-07
1812.0  1.2296753568455432e-07
1842.0  1.2238140796026676e-07
1872.0  1.2181138024477858e-07
1902.0  1.212567802708081e-07
1933.0  1.2069922755109567e-07
1965.0  1.2013955737603135e-07
1997.0  1.1959532904890817e-07
2029.0  1.1906589603049002e-07
2062.0  1.1853476875757653e-07
2096.0  1.1800265788563123e-07
2130.0  1.1748523877267323e-07
2164.0  1.1698189685211087e-07
2200.0  1.1646364602985801e-07
2235.0  1.1597368111065121e-07
2272.0  1.1546997919381975e-07
2309.0  1.1498031853354856e-07
2346.0  1.1450410735076315e-07
2384.0  1.1402843894867535e-07
2423.0  1.1355379318068675e-07
2463.0  1.1308062085959871e-07
2503.0  1.1262067819658065e-07
2543.0  1.1217340700533599e-07
2585.0  1.1171683398611022e-07
2627.0  1.1127307569188024e-07
2669.0  1.108415899651255e-07
2713.0  1.1040216339140571e-07
2757.0  1.0997509013554752e-07
2802.0  1.0955054350027777e-07
2847.0  1.0913784373674535e-07
2894.0  1.0871891142367679e-07
2941.0  1.0831182549735147e-07
2989.0  1.079077818801841e-07
3037.0  1.0751506298178807e-07
3087.0  1.071175091163445e-07
3137.0  1.067312175599178e-07
3188.0  1.0634830584258534e-07
3240.0  1.05968940391895e-07
3292.0  1.0560026080726918e-07
3346.0  1.0522822757875319e-07
3400.0  1.048667542515888e-07
3456.0  1.0450256647755835e-07
3512.0  1.0414877967724357e-07
3569.0  1.0379889674348596e-07
3627.0  1.0345300643471314e-07
3686.0  1.0311118671322031e-07
3746.0  1.0277350532730744e-07
3807.0  1.0244002037981438e-07
3869.0  1.02110780881612e-07
3932.0  1.0178582728889446e-07
3996.0  1.0146519202332821e-07
4061.0  1.0114889997433827e-07
4127.0  1.0083696898300858e-07
4194.0  1.0052941030724052e-07
4262.0  1.0022622906795208e-07
4331.0  9.992742467627208e-08
4402.0  9.962884669064986e-08
4474.0  9.933486814589389e-08
4546.0  9.904937021850685e-08
4620.0  9.876439516582944e-08
4695.0  9.848393357092497e-08
4772.0  9.820437088901124e-08
4849.0  9.793292644225381e-08
4928.0  9.766250037383957e-08
5008.0  9.739661664729513e-08
5090.0  9.713204018448831e-08
5173.0  9.687207814981398e-08
5257.0  9.661666328038283e-08
5342.0  9.636572759334948e-08
5429.0  9.61163782587326e-08
5517.0  9.587153451681051e-08
5607.0  9.562845785801815e-08
5698.0  9.538988756544714e-08
5791.0  9.515323200158187e-08
5885.0  9.492106125920348e-08
5981.0  9.469092331264461e-08
6078.0  9.446522941376606e-08
6177.0  9.424166009793023e-08
6278.0  9.402031857190313e-08
6380.0  9.380339296441988e-08
6484.0  9.358874768470288e-08
6589.0  9.337843548688578e-08
6696.0  9.317043743917849e-08
6805.0  9.296482123348921e-08
6916.0  9.276164676568335e-08
7028.0  9.25627160536552e-08
7143.0  9.236452336930898e-08
7259.0  9.21705577876097e-08
7377.0  9.197910681914449e-08
7497.0  9.179020156170703e-08
7619.0  9.160386754948414e-08
7743.0  9.142012509866496e-08
7869.0  9.123898964144734e-08
7997.0  9.106047204796458e-08
8127.0  9.088457893581091e-08
8259.0  9.071131296693434e-08
8393.0  9.054067313179943e-08
8530.0  9.037143829746628e-08
8668.0  9.020607063509604e-08
8809.0  9.004216054722502e-08
8953.0  8.987979786206887e-08
9098.0  8.972121808760955e-08
9246.0  8.95642107310586e-08
9397.0  8.940884713037244e-08
9549.0  8.92571568859616e-08
9705.0  8.910615974081241e-08
9863.0  8.895784664960375e-08
10023.0  8.881218078329464e-08
10186.0  8.866825492256813e-08
10352.0  8.852610933907262e-08
10520.0  8.838659675629733e-08
10691.0  8.824887985708381e-08
10865.0  8.811298605935335e-08
11042.0  8.797893832142519e-08
11221.0  8.784747859023987e-08
11404.0  8.77171533806413e-08
11589.0  8.758939966091914e-08
11778.0  8.746284452919061e-08
11970.0  8.733819384229165e-08
12164.0  8.721606904136083e-08
12362.0  8.709521039841074e-08
12563.0  8.697625352366438e-08
12768.0  8.685862737521419e-08
12975.0  8.67434709131973e-08
13186.0  8.662966013090971e-08
13401.0  8.651723156515404e-08
13619.0  8.640671633856949e-08
13840.0  8.629809635744228e-08
14065.0  8.619088308704611e-08
14294.0  8.608509897512213e-08
14527.0  8.598076284866595e-08
14763.0  8.587831751392886e-08
15003.0  8.577732163190278e-08
15247.0  8.567778564525085e-08
15495.0  8.557971718992932e-08
15747.0  8.548312128677981e-08
16003.0  8.538800052544582e-08
16263.0  8.529435524053192e-08
16528.0  8.520183995650826e-08
16797.0  8.511081581104039e-08
17070.0  8.502127635598787e-08
17348.0  8.493290056524387e-08
17630.0  8.484601113700965e-08
17917.0  8.476030230297377e-08
18208.0  8.467607321126865e-08
18504.0  8.459303280320628e-08
18805.0  8.451119076790054e-08
19111.0  8.443055438331394e-08
19422.0  8.435112867973555e-08
19738.0  8.427291659688412e-08
20059.0  8.41959191344712e-08
20385.0  8.412013549617286e-08
20716.0  8.404556322697819e-08
21053.0  8.397198339708129e-08
21396.0  8.389941053253959e-08
21744.0  8.38280584825099e-08
22098.0  8.375772256915184e-08
22457.0  8.36886003641625e-08
22822.0  8.362049656487581e-08
23193.0  8.355341576097923e-08
23571.0  8.348718826881715e-08
23954.0  8.342216548532617e-08
24344.0  8.33580070551077e-08
24740.0  8.329488309425219e-08
25142.0  8.32327899463704e-08
25551.0  8.31715754276492e-08
25967.0  8.311124729972038e-08
26389.0  8.305194978350387e-08
26818.0  8.299354014646573e-08
27254.0  8.2936021359104e-08
27698.0  8.287926906983835e-08
28148.0  8.282353890041607e-08
28606.0  8.276858167198183e-08
29071.0  8.271452044459804e-08
29544.0  8.266124050227184e-08
30025.0  8.260874736654273e-08
30513.0  8.255714907950851e-08
31009.0  8.250633760730586e-08
31514.0  8.245621674653268e-08
32026.0  8.24069851602457e-08
32547.0  8.235844940382684e-08
33076.0  8.23107049046059e-08
33614.0  8.226366236078465e-08
34161.0  8.221732569633809e-08
34717.0  8.217169751547285e-08
35282.0  8.212677919672787e-08
35855.0  8.20826467904064e-08
36439.0  8.203907206789049e-08
37031.0  8.199628067708674e-08
37634.0  8.195405630047554e-08
38246.0  8.191254190882758e-08
38868.0  8.187166817975173e-08
39500.0  8.183143586461113e-08
40142.0  8.179184472450312e-08
40795.0  8.17528348077038e-08
41459.0  8.17144096362873e-08
42133.0  8.167662678502032e-08
42819.0  8.163937554218796e-08
43515.0  8.160276503238857e-08
44223.0  8.156668959842709e-08
44942.0  8.15312013685768e-08
45673.0  8.149625121243023e-08
46416.0  8.14618407836251e-08
47171.0  8.142797082073897e-08
47938.0  8.139464121550547e-08
48718.0  8.136180965085456e-08
49510.0  8.132951854014465e-08
50315.0  8.129772661775963e-08
51134.0  8.126639689133861e-08
51966.0  8.123556924726713e-08
52811.0  8.120524272588246e-08
53670.0  8.11753814936325e-08
54543.0  8.114598654392302e-08
55430.0  8.111705811005777e-08
56331.0  8.108859572293964e-08
57248.0  8.106053803924856e-08
58179.0  8.103294735473073e-08
59125.0  8.100579297842765e-08
60087.0  8.097904727536259e-08
61064.0  8.095273843445326e-08
62057.0  8.092683924222238e-08
63067.0  8.090132519190109e-08
64092.0  8.08762465115888e-08
65135.0  8.085153003249427e-08
66194.0  8.082722393995437e-08
67271.0  8.080328245560527e-08
68365.0  8.077972842886594e-08
69477.0  8.075654033067561e-08
70607.0  8.073371859941812e-08
71756.0  8.07112438496937e-08
72923.0  8.068913587842329e-08
74109.0  8.066737541856856e-08
75314.0  8.064596251927146e-08
76539.0  8.062487977580928e-08
77784.0  8.060412784484605e-08
79049.0  8.058370684412709e-08
80335.0  8.056360100739662e-08
81642.0  8.054381095007601e-08
82970.0  8.052433677349115e-08
84319.0  8.050517810417375e-08
85691.0  8.048630705913304e-08
87084.0  8.046775120301271e-08
88501.0  8.04494707838507e-08
89940.0  8.043149199527292e-08
91403.0  8.041378976497619e-08
92890.0  8.039636474158077e-08
94401.0  8.037921711340898e-08
95936.0  8.036234664346548e-08
97496.0  8.034574222803002e-08
99082.0  8.032939372423092e-08
100694.0  8.031330169952289e-08
102332.0  8.029746629753703e-08
103996.0  8.028188727038565e-08
105688.0  8.026654616400733e-08
107407.0  8.025145236828801e-08
109154.0  8.0236597034013e-08
110929.0  8.02219801436633e-08
112733.0  8.020759347945821e-08
114567.0  8.019342949028253e-08
116430.0  8.017949595981693e-08
118324.0  8.016577799538249e-08
120249.0  8.015227601836263e-08
122204.0  8.013899678121291e-08
124192.0  8.012591997311974e-08
126212.0  8.011305255127832e-08
128265.0  8.01003881847547e-08
130351.0  8.00879268980204e-08
132471.0  8.007566271908899e-08
134626.0  8.006359011589257e-08
136816.0  8.005170930063785e-08
139041.0  8.004002018402459e-08
141303.0  8.002851238587214e-08
143601.0  8.001719108046621e-08
145937.0  8.000604644923253e-08
148310.0  7.99950832566577e-08
150723.0  7.998428780192858e-08
153174.0  7.997366914062514e-08
155665.0  7.996321844447757e-08
158197.0  7.995293170968316e-08
160770.0  7.994280906030963e-08
163385.0  7.99328466176681e-08
166043.0  7.992304074348692e-08
168744.0  7.991339153659042e-08
171488.0  7.990389885489762e-08
174277.0  7.989455574117206e-08
177112.0  7.988535906055373e-08
179993.0  7.98763089462864e-08
182920.0  7.986740530302713e-08
185896.0  7.98586391287386e-08
188919.0  7.985001636275117e-08
191992.0  7.984152841299655e-08
195115.0  7.98331754367554e-08
198288.0  7.982495737806885e-08
201514.0  7.981686658034817e-08
204791.0  7.98089080927558e-08
208122.0  7.980107457738675e-08
211507.0  7.979336613233186e-08
214947.0  7.97857804917908e-08
218444.0  7.977831338479343e-08
221997.0  7.977096699910048e-08
225607.0  7.976373913551069e-08
229277.0  7.975662386691968e-08
233006.0  7.974962322032462e-08
236796.0  7.974273344006432e-08
240648.0  7.973595279919138e-08
244562.0  7.97292813018897e-08
248539.0  7.972271716514731e-08
252582.0  7.971625551619236e-08
256690.0  7.970989802391002e-08
260865.0  7.970364157601085e-08
265108.0  7.969748471951919e-08
269420.0  7.969142603382052e-08
273803.0  7.96854627893083e-08
278256.0  7.967959634271955e-08
282782.0  7.967382271826837e-08
287381.0  7.966814193639044e-08
292056.0  7.966255034669801e-08
296806.0  7.965704917616321e-08
301633.0  7.965163605688935e-08
306540.0  7.964630771030838e-08
311525.0  7.964106631214294e-08
316592.0  7.963590762998905e-08
321742.0  7.963083073813758e-08
326975.0  7.962583564648954e-08
332293.0  7.962092042334194e-08
337698.0  7.961608325482621e-08
343191.0  7.961132328846056e-08
348773.0  7.960663966371053e-08
354446.0  7.960203071317248e-08
360211.0  7.959749563819953e-08
366070.0  7.959303287966829e-08
372024.0  7.958864168925828e-08
378075.0  7.95843206022698e-08
384224.0  7.958006891102315e-08
390474.0  7.957588457454883e-08
396825.0  7.957176761835821e-08
403279.0  7.956771673058154e-08
409838.0  7.956373066213912e-08
416504.0  7.955980822189126e-08
423279.0  7.955594827214969e-08
430164.0  7.955215026730427e-08
437160.0  7.954841363816524e-08
444271.0  7.954473626727337e-08
451497.0  7.95411181820535e-08
458840.0  7.953755836584206e-08
466303.0  7.95340553784695e-08
473888.0  7.953060832111773e-08
481596.0  7.952721675786698e-08
489429.0  7.952387980612541e-08
497390.0  7.952059620550034e-08
505480.0  7.95173655590314e-08
513701.0  7.951418706081252e-08
522057.0  7.951105919049202e-08
530548.0  7.950798196844147e-08
539177.0  7.950495430303086e-08
547947.0  7.95019751643248e-08
556860.0  7.94990439029103e-08
565917.0  7.949616019391161e-08
575122.0  7.949332277301882e-08
584476.0  7.949053134567491e-08
593983.0  7.94877847341418e-08
603644.0  7.948508266710993e-08
613462.0  7.948242430964099e-08
623440.0  7.947980886648808e-08
633580.0  7.947723582872511e-08
643886.0  7.947470420598069e-08
654359.0  7.947221377341507e-08
665002.0  7.94697638221535e-08
675818.0  7.946735367269638e-08
686810.0  7.946498267270284e-08
697981.0  7.94626501949403e-08
709334.0  7.946035563538738e-08
720872.0  7.945809841148325e-08
732597.0  7.945587814681402e-08
744512.0  7.94536942790878e-08
756622.0  7.945154591506733e-08
768928.0  7.944943289887674e-08
781435.0  7.944735439068608e-08
794145.0  7.944531008197238e-08
807062.0  7.944329934907186e-08
820189.0  7.944132174791338e-08
833529.0  7.943937684434043e-08
847087.0  7.943746393584145e-08
860865.0  7.943558276732908e-08
874867.0  7.943373281278229e-08
889097.0  7.943191356979407e-08
903558.0  7.943012467953483e-08
918254.0  7.942836566994564e-08
933190.0  7.942663597463187e-08
948368.0  7.942493539081687e-08
963793.0  7.942326338336408e-08
979470.0  7.942161944745222e-08
995401.0  7.942000340567713e-08
1011591.0  7.941841477801733e-08
1028045.0  7.941685311045459e-08
1044766.0  7.941531815368561e-08
1061759.0  7.941380948248539e-08
1079029.0  7.941232669360755e-08
1096579.0  7.941086956755884e-08
1114415.0  7.940943764547527e-08
1132541.0  7.940803065039762e-08
1150962.0  7.940664823850053e-08
1169683.0  7.940529008238795e-08
1188708.0  7.940395593900013e-08
1208042.0  7.940264550384328e-08
1227691.0  7.94013584220339e-08
1247660.0  7.940009442278808e-08
1267953.0  7.939885330749963e-08
1288576.0  7.939763476467108e-08
1309535.0  7.939643850194067e-08
1330835.0  7.939526429912951e-08
1352481.0  7.939411194558545e-08
1374479.0  7.939298118929754e-08
1396835.0  7.93918717940906e-08
1419555.0  7.939078353882032e-08
1442644.0  7.938971626206763e-08
1466109.0  7.938866972207781e-08
1489955.0  7.938764378121162e-08
1514189.0  7.938663822692638e-08
1538818.0  7.93856528649865e-08
1563847.0  7.938468759438923e-08
1589283.0  7.938374224693439e-08
1615133.0  7.938281667108465e-08
1641403.0  7.938191076524625e-08
1668101.0  7.938102437324807e-08
1695232.0  7.938015745332423e-08
1722805.0  7.937930984847611e-08
1750827.0  7.937848148406565e-08
1779304.0  7.937767232783533e-08
1808245.0  7.937688227731559e-08
1837656.0  7.937611133027411e-08
1867546.0  7.937535942073552e-08
1897922.0  7.937462655276764e-08
1928792.0  7.937391272238918e-08
1960163.0  7.937321796605525e-08
1992046.0  7.937254225249492e-08
2024447.0  7.937188567984611e-08
2057374.0  7.937124832057982e-08
2090838.0  7.937063021314814e-08
2124845.0  7.937003151286925e-08
2159406.0  7.936945230773211e-08
2194529.0  7.936889276430908e-08
2230223.0  7.93683530573284e-08
2266498.0  7.93678333747798e-08
2303363.0  7.936733394928182e-08
2340827.0  7.936685504311693e-08
2378901.0  7.936639692648875e-08
2417594.0  7.936595993036571e-08
2456916.0  7.936554441047267e-08
2496878.0  7.93651507531664e-08
2537490.0  7.936477939907582e-08
2578763.0  7.936443082622183e-08
2620707.0  7.936410557154801e-08
2663333.0  7.936380421768805e-08
2706652.0  7.936352740658792e-08
2750676.0  7.936327583880947e-08
2795416.0  7.936305029161636e-08
2840884.0  7.936285161356192e-08
2887091.0  7.936268074141981e-08
2934050.0  7.936253869653158e-08
2981772.0  7.936242660846162e-08
3030271.0  7.936234571167293e-08
3079559.0  7.936229737054565e-08
