1.0  4.825991789173102e-06
2.0  3.412568204324431e-06
3.0  2.7864128820341787e-06
4.0  2.4131585627898445e-06
5.0  2.1584431308621274e-06
6.0  1.970424256135171e-06
7.0  1.8242993662601652e-06
8.0  1.70651413681978e-06
9.0  1.6089531013982476e-06
10.0  1.5264212227185703e-06
11.0  1.4554182229555367e-06
12.0  1.393488158961369e-06
13.0  1.3388501880675686e-06
14.0  1.2901772992310586e-06
15.0  1.2464576804550486e-06
16.0  1.2069045629896865e-06
17.0  1.170895703794865e-06
18.0  1.1379316393491686e-06
19.0  1.1076061962661964e-06
20.0  1.0795852208904647e-06
21.0  1.0535909509967345e-06
22.0  1.0293903421140762e-06
23.0  1.0067862177718705e-06
24.0  9.856104702999558e-07
25.0  9.65718773331474e-07
26.0  9.469864242038183e-07
27.0  9.293050415637775e-07
28.0  9.125799177647656e-07
29.0  8.967278779516507e-07
30.0  8.816755350833902e-07
31.0  8.673578571675794e-07
32.0  8.537169827668158e-07
33.0  8.407012354851401e-07
34.0  8.282642991004561e-07
35.0  8.163645232851573e-07
36.0  8.049643361650234e-07
37.0  7.94029744814825e-07
38.0  7.835299085454298e-07
39.0  7.734367727693039e-07
40.0  7.637247535362793e-07
41.0  7.543704646554539e-07
42.0  7.453524807716921e-07
43.0  7.366511309288641e-07
44.0  7.282483180895112e-07
45.0  7.201273608400471e-07
46.0  7.122728541289136e-07
47.0  7.046705463909438e-07
48.0  6.973072308270035e-07
49.0  6.901706489512392e-07
50.0  6.832494048029006e-07
51.0  6.765328884566245e-07
52.0  6.70011207663109e-07
53.0  6.6367512661818e-07
54.0  6.57516010998103e-07
55.0  6.515257785171205e-07
56.0  6.456968543632713e-07
57.0  6.40022130953696e-07
58.0  6.344949315231803e-07
59.0  6.291089771218005e-07
60.0  6.238583566507553e-07
61.0  6.187374996112834e-07
62.0  6.13741151281041e-07
63.0  6.08864350066473e-07
65.0  5.994508858508176e-07
66.0  5.949055876805747e-07
67.0  5.904625330145432e-07
68.0  5.861179481661982e-07
69.0  5.818682515879167e-07
71.0  5.736400843259584e-07
72.0  5.696553043982012e-07
73.0  5.657527739367099e-07
75.0  5.581834368397013e-07
76.0  5.54511436647301e-07
78.0  5.473806676490011e-07
79.0  5.439173799857609e-07
81.0  5.371844371649553e-07
82.0  5.339108292140649e-07
84.0  5.275400789285921e-07
85.0  5.244394618653764e-07
87.0  5.183995837883011e-07
88.0  5.154572542700969e-07
90.0  5.09720592574708e-07
92.0  5.041722760563889e-07
93.0  5.014655690106283e-07
95.0  4.961811126287778e-07
97.0  4.910611764922076e-07
99.0  4.860974064473458e-07
100.0  4.836716336119406e-07
102.0  4.789277076561098e-07
104.0  4.7432149832788895e-07
106.0  4.6984647644169144e-07
108.0  4.654965380517803e-07
110.0  4.612659694957488e-07
112.0  4.5714941588709785e-07
114.0  4.531418526618098e-07
116.0  4.492385598351334e-07
119.0  4.4356948950189116e-07
121.0  4.39908016759532e-07
123.0  4.363363749292969e-07
125.0  4.3285095490191955e-07
128.0  4.277770839284671e-07
130.0  4.2449270529838697e-07
132.0  4.2128340069908125e-07
135.0  4.16604094292398e-07
137.0  4.135704834478611e-07
140.0  4.0914278752932896e-07
143.0  4.0485545318017646e-07
145.0  4.0207160648898926e-07
148.0  3.9800235021905356e-07
151.0  3.940552380251541e-07
154.0  3.902242892378594e-07
156.0  3.8773208821912265e-07
159.0  3.840825310621548e-07
162.0  3.8053506322374685e-07
165.0  3.770850206435121e-07
168.0  3.7372803214949804e-07
171.0  3.704599962292215e-07
175.0  3.662343598021266e-07
178.0  3.6315929081460847e-07
181.0  3.601611947074086e-07
185.0  3.56278046550128e-07
188.0  3.5344760092964927e-07
192.0  3.497776513814169e-07
195.0  3.4709982370677866e-07
199.0  3.436242914552692e-07
202.0  3.4108587032819027e-07
206.0  3.3778821081964565e-07
210.0  3.3458550990836877e-07
214.0  3.314733064562373e-07
218.0  3.284474272349371e-07
222.0  3.255039634710487e-07
226.0  3.226392496849235e-07
230.0  3.198498445628696e-07
235.0  3.164640818655804e-07
239.0  3.138325850079559e-07
243.0  3.1126656198495725e-07
248.0  3.0814706238434326e-07
253.0  3.0512083743525104e-07
257.0  3.027639507153656e-07
262.0  2.998943724852129e-07
267.0  2.971060922477384e-07
272.0  2.9439535348163063e-07
277.0  2.917586381616094e-07
282.0  2.8919264763977683e-07
287.0  2.8669428536728594e-07
293.0  2.8378143479454806e-07
298.0  2.8142185277138103e-07
304.0  2.7866789410060907e-07
309.0  2.764347420735916e-07
315.0  2.738257816076644e-07
321.0  2.7129065282053254e-07
327.0  2.688259499200562e-07
333.0  2.664284829661541e-07
339.0  2.640952605974897e-07
346.0  2.6145062866337736e-07
352.0  2.5924719304510967e-07
359.0  2.567470219289871e-07
365.0  2.546618140936579e-07
372.0  2.522934622252733e-07
379.0  2.499913873251997e-07
386.0  2.4775256736832044e-07
393.0  2.4557416966999134e-07
401.0  2.431551561093254e-07
408.0  2.410974888798352e-07
416.0  2.3881013964564026e-07
423.0  2.3686249458688463e-07
431.0  2.3469533432722216e-07
439.0  2.3258805799810142e-07
447.0  2.3053797052423435e-07
456.0  2.2829683858947756e-07
464.0  2.2636007325007385e-07
473.0  2.2424061348175634e-07
482.0  2.2218120471657872e-07
491.0  2.2017907832643487e-07
500.0  2.1823164101272507e-07
509.0  2.163364607880789e-07
518.0  2.1449125430390585e-07
528.0  2.1249703003554008e-07
538.0  2.1055909393003478e-07
548.0  2.086748620259887e-07
558.0  2.0684191328860747e-07
569.0  2.0488219538531993e-07
579.0  2.0314971358472964e-07
590.0  2.0129551591466008e-07
601.0  1.994928938356514e-07
612.0  1.9773951501805034e-07
623.0  1.9603319202285885e-07
635.0  1.9422300559738348e-07
647.0  1.9246387761098244e-07
659.0  1.9075346838485508e-07
671.0  1.8908958547546787e-07
684.0  1.873371667373452e-07
696.0  1.8576375195935748e-07
709.0  1.841049523278612e-07
723.0  1.8236933638321603e-07
736.0  1.8080269902247295e-07
750.0  1.7916179594210241e-07
764.0  1.775666909999894e-07
778.0  1.760153096365608e-07
792.0  1.7450570634532634e-07
807.0  1.7293256215958747e-07
822.0  1.7140317497415678e-07
837.0  1.699155704802474e-07
853.0  1.6837276165852518e-07
869.0  1.6687328000939343e-07
885.0  1.654151530132602e-07
901.0  1.6399653143962167e-07
918.0  1.625305926899896e-07
935.0  1.611053411061554e-07
953.0  1.5963856706256067e-07
970.0  1.5829144671285014e-07
989.0  1.568277051144035e-07
1007.0  1.554799289179954e-07
1026.0  1.5409648184739823e-07
1045.0  1.5275148788491153e-07
1064.0  1.514432170140406e-07
1084.0  1.5010398004646745e-07
1104.0  1.48801860439649e-07
1125.0  1.4747276280907298e-07
1146.0  1.4618094787458433e-07
1167.0  1.449247247251825e-07
1189.0  1.4364512938508638e-07
1211.0  1.4240114759478742e-07
1233.0  1.4119117752540868e-07
1256.0  1.399609444640699e-07
1280.0  1.3871336464954423e-07
1304.0  1.3750100618126672e-07
1328.0  1.3632226389796583e-07
1352.0  1.351756329869287e-07
1378.0  1.3396805027358978e-07
1403.0  1.3283932322457135e-07
1429.0  1.3169762652171963e-07
1456.0  1.305451815053274e-07
1483.0  1.2942499237565605e-07
1511.0  1.2829582961021115e-07
1539.0  1.2719827102523486e-07
1567.0  1.2613089149852514e-07
1597.0  1.2501924278875943e-07
1626.0  1.2397467303534004e-07
1657.0  1.2288921077608833e-07
1687.0  1.218680320642713e-07
1719.0  1.208090615317717e-07
1751.0  1.1977994199333867e-07
1783.0  1.1877932045403014e-07
1817.0  1.1774596744483893e-07
1850.0  1.1677105288039414e-07
1885.0  1.1576586628340552e-07
1920.0  1.1478900070051426e-07
1956.0  1.1381242225495763e-07
1992.0  1.1286314462163245e-07
2029.0  1.1191465941519727e-07
2067.0  1.109679021961066e-07
2105.0  1.1004761815535309e-07
2145.0  1.0910619428091211e-07
2184.0  1.0821404373012021e-07
2225.0  1.0730229608900275e-07
2266.0  1.06416149494154e-07
2309.0  1.0551302522213878e-07
2352.0  1.0463555093753228e-07
2395.0  1.0378256119756316e-07
2440.0  1.0291492909801585e-07
2485.0  1.0207174128988836e-07
2532.0  1.0121598470192591e-07
2579.0  1.0038451802309662e-07
2627.0  9.955928705774294e-08
2676.0  9.874066974542256e-08
2725.0  9.794501554876652e-08
2776.0  9.714016810694549e-08
2828.0  9.634288015152036e-08
2880.0  9.556808783969229e-08
2934.0  9.478622225714911e-08
2989.0  9.401259628510829e-08
3044.0  9.326085298538664e-08
3101.0  9.25038127178587e-08
3159.0  9.175546941455554e-08
3217.0  9.102828701483927e-08
3277.0  9.029728539040407e-08
3338.0  8.957525438735374e-08
3400.0  8.886224711631404e-08
3464.0  8.81472897244814e-08
3528.0  8.745274122174892e-08
3594.0  8.675688616361963e-08
3661.0  8.607070692453904e-08
3729.0  8.539416408994969e-08
3798.0  8.47272091042081e-08
3869.0  8.406052911179752e-08
3941.0  8.340384188810907e-08
4014.0  8.275705099217188e-08
4089.0  8.211157152095636e-08
4165.0  8.147626380423999e-08
4243.0  8.084299195400175e-08
4322.0  8.022007954554902e-08
4402.0  7.960736598677487e-08
4484.0  7.899735766912535e-08
4567.0  7.839764364260259e-08
4652.0  7.780112465861586e-08
4739.0  7.720821484359364e-08
4827.0  7.662581679463907e-08
4917.0  7.604738005035195e-08
5008.0  7.547938942063081e-08
5102.0  7.490967067819308e-08
5197.0  7.435063466912905e-08
5293.0  7.380202831164735e-08
5392.0  7.32526668377984e-08
5492.0  7.271387631962619e-08
5594.0  7.218023416472552e-08
5698.0  7.165192747763114e-08
5804.0  7.112912320521445e-08
5913.0  7.060725170399598e-08
6023.0  7.009601567901027e-08
6135.0  6.95906691660571e-08
6249.0  6.909130954276741e-08
6365.0  6.859801936342734e-08
6484.0  6.810680006531483e-08
6604.0  6.76259605014893e-08
6727.0  6.71475222751213e-08
6852.0  6.667557458804258e-08
6980.0  6.620651886290136e-08
7110.0  6.574418005689076e-08
7242.0  6.528854223982349e-08
7377.0  6.483628135228986e-08
7514.0  6.439086149535533e-08
7654.0  6.394912822130732e-08
7796.0  6.351432163035768e-08
7941.0  6.30834492535136e-08
8089.0  6.265670129940852e-08
8240.0  6.223424900389045e-08
8393.0  6.181891940355489e-08
8549.0  6.140801559583439e-08
8708.0  6.100166454887643e-08
8870.0  6.059997799171443e-08
9036.0  6.0200684067398e-08
9204.0  5.980867590825097e-08
9375.0  5.942158272736759e-08
9549.0  5.9039464018129535e-08
9727.0  5.866026997345661e-08
9908.0  5.828626264266252e-08
10093.0  5.7915490935741275e-08
10280.0  5.755197588280884e-08
10472.0  5.7189974624990416e-08
10667.0  5.683342290050152e-08
10865.0  5.648230188113879e-08
11067.0  5.6134893030976784e-08
11273.0  5.579131937154479e-08
11483.0  5.545168974305006e-08
11697.0  5.5116099613964795e-08
11915.0  5.478463187055604e-08
12136.0  5.44588092764076e-08
12362.0  5.413574420172113e-08
12592.0  5.381698355673566e-08
12826.0  5.350256728754652e-08
13065.0  5.3191243727831103e-08
13308.0  5.288439637153743e-08
13556.0  5.258083113881204e-08
13808.0  5.228183103723745e-08
14065.0  5.19862577198903e-08
14327.0  5.1694203542683085e-08
14594.0  5.1405749080628775e-08
14865.0  5.1121994602335966e-08
15142.0  5.084090580108991e-08
15424.0  5.0563595661964323e-08
15711.0  5.029010445233245e-08
16003.0  5.002046396225128e-08
16301.0  4.975381726345771e-08
16604.0  4.94911163724534e-08
16913.0  4.92315415711953e-08
17228.0  4.897517100507753e-08
17549.0  4.872207236519194e-08
17875.0  4.8473055340359247e-08
18208.0  4.8226641430243696e-08
18547.0  4.798364678870112e-08
18892.0  4.774410344724824e-08
19244.0  4.7507374063570613e-08
19602.0  4.7274179714329637e-08
19966.0  4.704452959234239e-08
20338.0  4.681722426746384e-08
20716.0  4.659354000853741e-08
21102.0  4.637233805706525e-08
21495.0  4.615425611475445e-08
21895.0  4.5939323115874894e-08
22302.0  4.572756108323214e-08
22717.0  4.551848988350178e-08
23140.0  4.5312166414488494e-08
23571.0  4.510863912220448e-08
24009.0  4.490839835168809e-08
24456.0  4.4710563232704626e-08
24911.0  4.451562464180489e-08
25375.0  4.432319435420258e-08
25847.0  4.413372038851714e-08
26328.0  4.394682754173703e-08
26818.0  4.376255463140056e-08
27317.0  4.358093346837389e-08
27826.0  4.340164280653517e-08
28343.0  4.322540605449921e-08
28871.0  4.305122967707459e-08
29408.0  4.2879812952120504e-08
29955.0  4.2710853479431726e-08
30513.0  4.254408383231107e-08
31081.0  4.237983770578313e-08
31659.0  4.221812928835147e-08
32248.0  4.205870144230198e-08
32849.0  4.190132700551901e-08
33460.0  4.174655386542166e-08
34083.0  4.1593893577222815e-08
34717.0  4.1443616496439685e-08
35363.0  4.129550514300539e-08
36021.0  4.114958525624132e-08
36691.0  4.100587705999945e-08
37374.0  4.086419163953862e-08
38070.0  4.0724559463995666e-08
38778.0  4.058719609832589e-08
39500.0  4.045173313209874e-08
40235.0  4.0318382394614154e-08
40984.0  4.0186981335475345e-08
41747.0  4.005755280545834e-08
42523.0  3.9930275913624354e-08
43315.0  3.980468000159883e-08
44121.0  3.9681107000624714e-08
44942.0  3.955941551251314e-08
45778.0  3.943962074855033e-08
46630.0  3.9321597389674933e-08
47498.0  3.92053659260261e-08
48382.0  3.9090942253330307e-08
49282.0  3.8978338003044185e-08
50200.0  3.886732307111551e-08
51134.0  3.8758155190254296e-08
52085.0  3.865072317450553e-08
53055.0  3.854482033340522e-08
54042.0  3.844068016174667e-08
55048.0  3.8338102603481555e-08
56072.0  3.8237202182315185e-08
57116.0  3.813779548629892e-08
58179.0  3.8039992541380485e-08
59262.0  3.7943712243507467e-08
60364.0  3.784905093429011e-08
61488.0  3.7755763643882906e-08
62632.0  3.7664029899090254e-08
63798.0  3.757369911946859e-08
64985.0  3.748485928277299e-08
66194.0  3.7397442649058745e-08
67426.0  3.731138830437231e-08
68681.0  3.7226707905113284e-08
69959.0  3.714340979466326e-08
71261.0  3.706143737638633e-08
72587.0  3.6980799433627245e-08
73938.0  3.69014439967261e-08
75314.0  3.682337994568974e-08
76716.0  3.6746559343039264e-08
78144.0  3.6670990887527556e-08
79598.0  3.6596680382837674e-08
81079.0  3.6523582457633805e-08
82588.0  3.645165593338172e-08
84125.0  3.6380908697689435e-08
85691.0  3.63113022426473e-08
87285.0  3.624288591438013e-08
88910.0  3.6175537740727454e-08
90564.0  3.6109347080487325e-08
92250.0  3.604419982087348e-08
93966.0  3.5980178828864824e-08
95715.0  3.591717722530907e-08
97496.0  3.585523754935926e-08
99311.0  3.579429612426696e-08
101159.0  3.573439186817797e-08
103042.0  3.56754646684846e-08
104959.0  3.561755001385717e-08
106913.0  3.55605624210318e-08
108902.0  3.5504564784624327e-08
110929.0  3.544947650848894e-08
112993.0  3.539532948589548e-08
115096.0  3.5342075236048906e-08
117238.0  3.528971842417761e-08
119420.0  3.5238238530262375e-08
121642.0  3.518763878801435e-08
123906.0  3.5137877384575494e-08
126212.0  3.508895849948355e-08
128561.0  3.504086432212892e-08
130954.0  3.499357812386262e-08
133391.0  3.49471028939871e-08
135873.0  3.4901421815914506e-08
138402.0  3.4856501566830725e-08
140977.0  3.481236263879571e-08
143601.0  3.476895646524119e-08
146273.0  3.472630258675929e-08
148996.0  3.4684356145255955e-08
151768.0  3.4643150231632365e-08
154593.0  3.460262766634829e-08
157470.0  3.4562805869370514e-08
160400.0  3.452367252705593e-08
163385.0  3.448520314905908e-08
166426.0  3.444738767578893e-08
169523.0  3.441022813851772e-08
172678.0  3.4373702441226945e-08
175892.0  3.433780138921534e-08
179165.0  3.430252658994794e-08
182499.0  3.42678579258428e-08
185896.0  3.4233776966026904e-08
189355.0  3.420029534092171e-08
192879.0  3.41673853723736e-08
196469.0  3.413503985743573e-08
200125.0  3.4103260169278715e-08
203849.0  3.4072030033724926e-08
207643.0  3.404133442526331e-08
211507.0  3.401117478941022e-08
215443.0  3.3981536652047045e-08
219453.0  3.3952406593855616e-08
223537.0  3.3923785922820725e-08
227697.0  3.38956615964416e-08
231935.0  3.386802146806441e-08
236251.0  3.384086656602196e-08
240648.0  3.381417903034572e-08
245126.0  3.37879598612877e-08
249688.0  3.3762192443789456e-08
254335.0  3.373687232821409e-08
259068.0  3.3711994884536624e-08
263889.0  3.3687550335391125e-08
268800.0  3.366352945281882e-08
273803.0  3.3639923508490773e-08
278898.0  3.3616733168711467e-08
284088.0  3.359394531003425e-08
289375.0  3.357155201855574e-08
294761.0  3.354954574843564e-08
300246.0  3.352792702978085e-08
305834.0  3.3506680662939846e-08
311525.0  3.3485807244859736e-08
317323.0  3.346529269911081e-08
323228.0  3.344513761636448e-08
329244.0  3.3425328902161116e-08
335371.0  3.34058670834376e-08
341612.0  3.338674293584824e-08
347970.0  3.336794784931617e-08
354446.0  3.334947937485729e-08
361042.0  3.3331332078746015e-08
367761.0  3.3313498041998185e-08
374605.0  3.3295972338069305e-08
381576.0  3.327875011975081e-08
388678.0  3.326182192805665e-08
395911.0  3.324518806161919e-08
403279.0  3.322883948680419e-08
410784.0  3.3212772039615084e-08
418429.0  3.3196979539950615e-08
426216.0  3.318145806072898e-08
434148.0  3.316620177833054e-08
442227.0  3.315120694897671e-08
450457.0  3.313646628716402e-08
458840.0  3.3121976373121576e-08
467380.0  3.310773046177964e-08
476078.0  3.3093726964933876e-08
484937.0  3.3079960953889525e-08
493962.0  3.3066424714209965e-08
503155.0  3.305311535361721e-08
512519.0  3.304002851874566e-08
522057.0  3.302715996438515e-08
531772.0  3.301450554216286e-08
541669.0  3.300205871867604e-08
551749.0  3.2989818150873913e-08
562017.0  3.2977777608901364e-08
572477.0  3.296593235293808e-08
583131.0  3.295427998224562e-08
593983.0  3.294281589678218e-08
605037.0  3.293153566518212e-08
616297.0  3.292043500764278e-08
627766.0  3.2909510716498855e-08
639449.0  3.2898757769863436e-08
651349.0  3.288817313126791e-08
663471.0  3.2877752052792737e-08
675818.0  3.286749162448701e-08
688395.0  3.285738732253669e-08
701206.0  3.2847435562600606e-08
714256.0  3.2837632078133424e-08
727548.0  3.2827974177379836e-08
741088.0  3.2818457037857145e-08
754880.0  3.280907738969846e-08
768928.0  3.279983198267681e-08
783238.0  3.279071632801314e-08
797814.0  3.2781727320715404e-08
812662.0  3.2772860678242786e-08
827786.0  3.276411339885775e-08
843191.0  3.275548191310836e-08
858883.0  3.274696216718833e-08
874867.0  3.273855073287324e-08
891148.0  3.2730244212576697e-08
907733.0  3.2722038258081475e-08
924626.0  3.271393007349494e-08
941833.0  3.27059158948206e-08
959361.0  3.269799157005842e-08
977215.0  3.2690153911413436e-08
995401.0  3.2682399296813996e-08
1013925.0  3.267472413425293e-08
1032795.0  3.2667124059686425e-08
1052015.0  3.265959635618728e-08
1071593.0  3.265213672300193e-08
1091536.0  3.264474130744037e-08
1111850.0  3.263740664295401e-08
1132541.0  3.2630129247150813e-08
1153618.0  3.262290460199628e-08
1175087.0  3.261572925565472e-08
1196956.0  3.260859907722521e-08
1219231.0  3.260151058774969e-08
1241921.0  3.2594459341674825e-08
1265034.0  3.258744122952498e-08
1288576.0  3.258045272631341e-08
1312557.0  3.257348909675725e-08
1336984.0  3.25665464827852e-08
1361865.0  3.255962070254124e-08
1387210.0  3.255270700372134e-08
1413026.0  3.2545801433611305e-08
1439323.0  3.2538899194241505e-08
1466109.0  3.253199598624684e-08
1493393.0  3.2525087201865117e-08
1521186.0  3.2518167694083206e-08
1549495.0  3.251123326710714e-08
1578331.0  3.250427867726718e-08
1607704.0  3.249729888018084e-08
1637624.0  3.249028877204803e-08
1668101.0  3.248324318244808e-08
1699144.0  3.24761570944348e-08
1730766.0  3.246902450371629e-08
1762975.0  3.246184045959201e-08
1795785.0  3.2454598581937654e-08
1829205.0  3.2447293514350954e-08
1863246.0  3.243991935525193e-08
1897922.0  3.243246945794536e-08
1933242.0  3.242493814731246e-08
1969220.0  3.2417318563825424e-08
2005868.0  3.2409604160925894e-08
2043197.0  3.240178847587202e-08
2081222.0  3.239386407918028e-08
2119953.0  3.2385824450126027e-08
2159406.0  3.2377661678948565e-08
2199593.0  3.2369368539840026e-08
2240528.0  3.236093723901189e-08
2282224.0  3.235236002892291e-08
2324697.0  3.23436283788007e-08
2367960.0  3.233473420215387e-08
2412028.0  3.23256688218502e-08
2456916.0  3.231642337469283e-08
2502640.0  3.230698859820811e-08
2549215.0  3.22973552358854e-08
2596656.0  3.2287513825731086e-08
2644980.0  3.227745427770804e-08
2694204.0  3.226716627871227e-08
2744343.0  3.225663970667257e-08
2795416.0  3.224586336590919e-08
2847439.0  3.223482644856381e-08
2900430.0  3.2223517476416116e-08
2954408.0  3.2211924498387244e-08
3009390.0  3.2200035728578286e-08
3065395.0  3.218783868211091e-08
3122443.0  3.2175320375098004e-08
3180552.0  3.216246797725589e-08
3239743.0  3.214926770594546e-08
3300035.0  3.213570592373481e-08
3361449.0  3.2121768242494674e-08
3424006.0  3.210743996012967e-08
3487727.0  3.209270605748733e-08
3552635.0  3.207755072675179e-08
3618750.0  3.206195853123039e-08
3686095.0  3.204591300309443e-08
3754694.0  3.20293970903276e-08
3824570.0  3.201239363254187e-08
3895746.0  3.1994885126945314e-08
3968246.0  3.1976853479900524e-08
4042096.0  3.195827974259439e-08
4117320.0  3.193914510853081e-08
4193944.0  3.1919429911102695e-08
4271994.0  3.1899114122627934e-08
4351497.0  3.18781770952087e-08
4432479.0  3.1856598088266646e-08
4514968.0  3.183435547894234e-08
4598992.0  3.181142728876582e-08
4684580.0  3.1787790916647904e-08
4771761.0  3.17634234158206e-08
4860564.0  3.173830150776483e-08
4951020.0  3.1712401021964145e-08
5043159.0  3.1685697753454523e-08
5137014.0  3.165816631927056e-08
5232614.0  3.162978221736025e-08
5329994.0  3.160051889886199e-08
5429186.0  3.157035043909745e-08
5530224.0  3.153925007200467e-08
5633143.0  3.150719049745412e-08
5737976.0  3.147414484710161e-08
5844761.0  3.14400845119928e-08
5953533.0  3.1404981684478166e-08
6064329.0  3.136880781458314e-08
6177188.0  3.133153361734037e-08
6292146.0  3.129313076291525e-08
6409244.0  3.125356926718853e-08
6528521.0  3.121281985689053e-08
6650018.0  3.117085267704329e-08
6773776.0  3.1127638017867356e-08
6899837.0  3.108314602637068e-08
7028244.0  3.103734675793621e-08
7159041.0  3.099021023210609e-08
7292272.0  3.094170685856946e-08
7427982.0  3.0891807150328824e-08
7566219.0  3.0840481046238564e-08
7707027.0  3.078770058512074e-08
7850456.0  3.073343627078892e-08
7996555.0  3.067765975187193e-08
8145372.0  3.0620343943593385e-08
8296959.0  3.056146120190025e-08
8451366.0  3.050098573002077e-08
8608648.0  3.043889095224235e-08
8768856.0  3.037515315139436e-08
8932046.0  3.0309748032749646e-08
9098273.0  3.024265320885589e-08
9267593.0  3.0173847529466475e-08
9440065.0  3.010331038094298e-08
9615746.0  3.003102384836281e-08
9794697.0  2.9956970388651074e-08
9976978.0  2.9881135010750855e-08
10162651.0  2.980350417141158e-08
10351780.0  2.972406589760556e-08
10544428.0  2.9642811179968778e-08
10740662.0  2.955973200332366e-08
10940547.0  2.9474824011534055e-08
11144153.0  2.9388083675040758e-08
11351547.0  2.9299511821024695e-08
11562801.0  2.9209110356206444e-08
11777987.0  2.9116884522476367e-08
11997177.0  2.902284302475647e-08
12220447.0  2.892699643307415e-08
12447871.0  2.8829359869465508e-08
12679528.0  2.872995011007698e-08
12915497.0  2.8628787832067297e-08
13155856.0  2.852589813125024e-08
13400689.0  2.842130760641791e-08
13650078.0  2.831504785828045e-08
13904108.0  2.8207153411327747e-08
14162866.0  2.8097662196107026e-08
14426440.0  2.7986616012267804e-08
14694918.0  2.7874060966341867e-08
14968393.0  2.7760045384135397e-08
15246957.0  2.7644622325356107e-08
15530706.0  2.7527847478352104e-08
15819735.0  2.7409781192480043e-08
16114143.0  2.729048636441436e-08
16414030.0  2.7170029605085454e-08
16719498.0  2.7048480742841852e-08
17030650.0  2.69259131139143e-08
17347594.0  2.6802401871535492e-08
17670435.0  2.6678026978725574e-08
17999285.0  2.65528691566789e-08
18334255.0  2.6427012816208892e-08
18675458.0  2.6300544690546203e-08
19023012.0  2.6173552539100223e-08
19377033.0  2.6046127506866922e-08
19737643.0  2.591836096520268e-08
20104964.0  2.579034644873595e-08
20479121.0  2.566217831651263e-08
20860241.0  2.5533951842154057e-08
21248454.0  2.540576260492166e-08
21643891.0  2.52777068737901e-08
22046687.0  2.5149880338976046e-08
22456980.0  2.5022378187953566e-08
22874908.0  2.489529574453116e-08
23300614.0  2.4768726636774684e-08
23734243.0  2.4642763469251248e-08
24175941.0  2.451749781999687e-08
24625859.0  2.43930188390407e-08
25084151.0  2.4269413623440317e-08
25550971.0  2.414676778361371e-08
26026479.0  2.402516363103943e-08
26510836.0  2.390468133554747e-08
27004207.0  2.3785397989275344e-08
27506760.0  2.366738774623927e-08
28018666.0  2.355072172237924e-08
28540098.0  2.3435468141815968e-08
29071234.0  2.3321691629288917e-08
29612254.0  2.320945388096249e-08
30163343.0  2.3098813061560886e-08
30724688.0  2.2989824499874286e-08
31296480.0  2.2882540377208136e-08
31878913.0  2.2777010062241436e-08
32472185.0  2.2673280097570368e-08
33076498.0  2.2571394422804824e-08
33692057.0  2.2471394788694946e-08
34319072.0  2.2373320705532445e-08
34957756.0  2.2277210083120186e-08
35608326.0  2.2183099402134513e-08
36271003.0  2.2091024083070655e-08
36946012.0  2.2001018879138075e-08
37633584.0  2.1913118040788015e-08
38333951.0  2.182735640269678e-08
39047352.0  2.174376906806299e-08
39774030.0  2.16623922828122e-08
40514232.0  2.1583263915074703e-08
41268208.0  2.1506424045931e-08
42036217.0  2.143191487895252e-08
42818518.0  2.1359782178923373e-08
43615378.0  2.1290075011398312e-08
44427067.0  2.1222846762404613e-08
45253863.0  2.115815526434307e-08
46096045.0  2.1096063922558954e-08
46953900.0  2.1036641721471615e-08
47827720.0  2.0979964053664092e-08
48717802.0  2.0926113305061703e-08
49624449.0  2.0875179401021473e-08
50547968.0  2.082726054678119e-08
51488675.0  2.0782463623142974e-08
52446887.0  2.0740905278435436e-08
53422933.0  2.0702712154531914e-08
54417143.0  2.066802216643576e-08
55429855.0  2.063698505444358e-08
56461414.0  2.060976339167082e-08
57512171.0  2.058653366960403e-08
58582482.0  2.0567487486496796e-08
59672712.0  2.0552832812265813e-08
60783231.0  2.0542795610049717e-08
61914418.0  2.053762157657769e-08
