1.0  4.827155941406028e-06
2.0  3.4142143287514022e-06
3.0  2.788428676271156e-06
4.0  2.4154858688577166e-06
5.0  2.1610447664616458e-06
6.0  1.973273798197096e-06
7.0  1.8273767841423923e-06
8.0  1.7098035655159617e-06
9.0  1.6124415697892364e-06
10.0  1.5300978670173353e-06
11.0  1.459273770475022e-06
12.0  1.3975145733232555e-06
13.0  1.3430404162101526e-06
14.0  1.294525085479816e-06
15.0  1.2509574263941828e-06
16.0  1.2115512195737746e-06
17.0  1.1756846867466843e-06
18.0  1.1428587617537256e-06
19.0  1.1126676141115314e-06
20.0  1.0847773885228663e-06
21.0  1.0589105842834801e-06
22.0  1.0348343876790684e-06
23.0  1.0123518270743457e-06
24.0  9.912949776178026e-07
25.0  9.7151967692385e-07
26.0  9.529013700859624e-07
27.0  9.353318094458388e-07
28.0  9.187164087970337e-07
29.0  9.029721039882923e-07
30.0  8.880256092309245e-07
31.0  8.738119854269035e-07
32.0  8.602734566112389e-07
33.0  8.473584252437772e-07
34.0  8.350206480379664e-07
35.0  8.232185422862963e-07
36.0  8.119145989468165e-07
37.0  8.010748836008202e-07
38.0  7.906686101462368e-07
39.0  7.806677750215955e-07
40.0  7.710468420591734e-07
41.0  7.617824698887865e-07
42.0  7.52853275265431e-07
43.0  7.442396268569322e-07
44.0  7.35923464964648e-07
45.0  7.278881434092906e-07
46.0  7.201182904317331e-07
47.0  7.12599685964206e-07
48.0  7.053191530427906e-07
49.0  6.982644614751286e-07
50.0  6.914242421617078e-07
51.0  6.847879107058187e-07
52.0  6.783455991451225e-07
53.0  6.720880948038239e-07
54.0  6.660067854040489e-07
55.0  6.600936096931394e-07
56.0  6.543410129435591e-07
57.0  6.487419067671593e-07
58.0  6.432896327580487e-07
59.0  6.379779295403697e-07
60.0  6.328009028504641e-07
61.0  6.277529983286448e-07
62.0  6.228289767353136e-07
63.0  6.180238913401713e-07
64.0  6.133330672629251e-07
65.0  6.087520825695056e-07
66.0  6.042767509502175e-07
67.0  5.99903105825709e-07
69.0  5.91446020944737e-07
70.0  5.873556209869574e-07
71.0  5.83352963334272e-07
72.0  5.794349828189469e-07
73.0  5.755987619014364e-07
74.0  5.718415216568842e-07
75.0  5.681606134250819e-07
77.0  5.610178037762727e-07
78.0  5.575511893999078e-07
79.0  5.541514682250339e-07
81.0  5.475443845183832e-07
82.0  5.443330846434353e-07
83.0  5.411807935633314e-07
85.0  5.350462434659577e-07
86.0  5.320606661034258e-07
87.0  5.29127453414839e-07
89.0  5.234121944924966e-07
90.0  5.206273292673969e-07
92.0  5.151964842943658e-07
93.0  5.12547998131437e-07
95.0  5.073789806593537e-07
96.0  5.048562123480793e-07
98.0  4.999288653413051e-07
99.0  4.975222829584917e-07
101.0  4.928185530299565e-07
103.0  4.882547849978128e-07
104.0  4.860232682304502e-07
106.0  4.81656978471263e-07
108.0  4.774146629750588e-07
109.0  4.753382051247944e-07
111.0  4.712713070067095e-07
113.0  4.6731483521488504e-07
115.0  4.6346394732656944e-07
117.0  4.5971409239645467e-07
119.0  4.560609887968586e-07
121.0  4.5250060408214624e-07
122.0  4.5075398475910747e-07
124.0  4.4732561792436214e-07
127.0  4.423388028458165e-07
129.0  4.391133443159339e-07
131.0  4.3596359210025366e-07
133.0  4.3288667526493334e-07
135.0  4.2987987260000907e-07
137.0  4.2694060273615374e-07
139.0  4.240664150469641e-07
142.0  4.1987210104453743e-07
144.0  4.1715068138171893e-07
146.0  4.144866809334035e-07
149.0  4.105940851715504e-07
151.0  4.0806526941223645e-07
154.0  4.043670725919888e-07
156.0  4.019625675609432e-07
159.0  3.9844337634416386e-07
161.0  3.9615349074955684e-07
164.0  3.927995606387044e-07
166.0  3.9061562562201764e-07
169.0  3.874146408492435e-07
172.0  3.843000358133396e-07
175.0  3.8126806814249694e-07
178.0  3.7831521776213333e-07
180.0  3.7638896013121317e-07
183.0  3.7356070108608684e-07
186.0  3.708031371396935e-07
189.0  3.681134315866873e-07
192.0  3.654889039237048e-07
196.0  3.620865594283924e-07
199.0  3.5960448712939226e-07
202.0  3.5717965286813114e-07
205.0  3.5480993841317386e-07
209.0  3.517326006405557e-07
212.0  3.494838533786167e-07
215.0  3.472839048201175e-07
219.0  3.444236248065022e-07
223.0  3.4164328306571565e-07
226.0  3.396083316450481e-07
230.0  3.3695942864442797e-07
234.0  3.343811667699095e-07
237.0  3.324920124381449e-07
241.0  3.30030240761625e-07
245.0  3.2763125269208e-07
249.0  3.252924922740979e-07
253.0  3.230115461136039e-07
257.0  3.207861333323082e-07
261.0  3.186140963733513e-07
266.0  3.1597100836334415e-07
270.0  3.1391176108633735e-07
274.0  3.1189963200879535e-07
279.0  3.0944811932005083e-07
283.0  3.075358497654248e-07
288.0  3.0520417232227804e-07
293.0  3.029350363025248e-07
297.0  3.0116296103676067e-07
302.0  2.9899978823402847e-07
307.0  2.9689207818333734e-07
312.0  2.948375725267208e-07
317.0  2.9283413870730685e-07
322.0  2.908797611204469e-07
328.0  2.8859658475404686e-07
333.0  2.867435614294802e-07
338.0  2.8493384018837944e-07
344.0  2.828170788250815e-07
350.0  2.80757744691758e-07
355.0  2.790837187464161e-07
361.0  2.771233723791945e-07
367.0  2.752138387127254e-07
373.0  2.733530356435832e-07
379.0  2.715389976089373e-07
385.0  2.6976986735441437e-07
391.0  2.680438884008787e-07
398.0  2.6608257156705464e-07
404.0  2.6444449988835414e-07
411.0  2.6258157050693317e-07
417.0  2.6102444943905877e-07
424.0  2.592522385536726e-07
431.0  2.5752598595238383e-07
438.0  2.5584381558047603e-07
445.0  2.5420395584503886e-07
453.0  2.523794955614162e-07
460.0  2.508247786477015e-07
467.0  2.4930740630977886e-07
475.0  2.476171886199285e-07
483.0  2.4597191809083263e-07
491.0  2.443697199298265e-07
499.0  2.428088258520597e-07
507.0  2.412875664539134e-07
515.0  2.398043642423401e-07
523.0  2.3835772725460046e-07
532.0  2.3677221198379353e-07
540.0  2.3539867921989238e-07
549.0  2.338921137486345e-07
558.0  2.3242484931468044e-07
567.0  2.309952840337339e-07
576.0  2.296019048360526e-07
586.0  2.2809440898954592e-07
595.0  2.2677281845810895e-07
605.0  2.2534184127541402e-07
615.0  2.2394869770622452e-07
625.0  2.225918296308728e-07
635.0  2.2126976609908593e-07
645.0  2.1998111718892577e-07
656.0  2.1860063052416148e-07
667.0  2.1725733470418446e-07
677.0  2.1606711828128114e-07
688.0  2.1479057552886315e-07
700.0  2.1343546307999074e-07
711.0  2.1222621856392434e-07
723.0  2.1094148084097264e-07
734.0  2.0979411289671917e-07
746.0  2.0857416509225268e-07
758.0  2.0738600460712785e-07
771.0  2.0613321625630793e-07
783.0  2.0500724182357856e-07
796.0  2.038190588243402e-07
809.0  2.0266242834963832e-07
822.0  2.015360560249397e-07
835.0  2.0043871934364248e-07
849.0  1.9928811979492598e-07
863.0  1.981684925398486e-07
877.0  1.970785523825919e-07
891.0  1.9601708622615162e-07
906.0  1.9491009768542716e-07
920.0  1.9390403833109495e-07
935.0  1.928539976776131e-07
951.0  1.9176443705873696e-07
966.0  1.9077036859035014e-07
982.0  1.897380333410132e-07
998.0  1.8873342110506363e-07
1014.0  1.8775538913221052e-07
1030.0  1.8680285822162328e-07
1047.0  1.8581759569864465e-07
1064.0  1.8485881495735718e-07
1082.0  1.8387128868133422e-07
1099.0  1.829636627412105e-07
1117.0  1.820280583204795e-07
1135.0  1.8111752394892356e-07
1154.0  1.801824679557693e-07
1172.0  1.793203027698722e-07
1191.0  1.7843420273154986e-07
1211.0  1.7752695661484695e-07
1231.0  1.766447555693145e-07
1251.0  1.7578654511632155e-07
1271.0  1.7495133045764528e-07
1292.0  1.7409807718065428e-07
1313.0  1.7326811529943793e-07
1334.0  1.724604766731817e-07
1356.0  1.7163732682733489e-07
1378.0  1.7083668219583655e-07
1400.0  1.7005760706433724e-07
1423.0  1.6926522349937345e-07
1446.0  1.6849449675953362e-07
1469.0  1.677445278318735e-07
1493.0  1.669831650655557e-07
1518.0  1.6621214943207864e-07
1542.0  1.6549227379812502e-07
1567.0  1.6476266349212723e-07
1593.0  1.6402488352932723e-07
1619.0  1.633076258211596e-07
1645.0  1.6261002600905307e-07
1672.0  1.619055280941468e-07
1699.0  1.612204882588723e-07
1727.0  1.605297602532983e-07
1755.0  1.5985822937576693e-07
1783.0  1.5920508930285746e-07
1812.0  1.5854719910512929e-07
1842.0  1.5788567529458763e-07
1872.0  1.5724270351680933e-07
1902.0  1.566174987379065e-07
1933.0  1.5598933262459547e-07
1965.0  1.553591557676246e-07
1997.0  1.5474673065524394e-07
2029.0  1.5415130387546464e-07
2062.0  1.5355432159871153e-07
2096.0  1.5295658935851384e-07
2130.0  1.5237570599944475e-07
2164.0  1.5181095692054552e-07
2200.0  1.512298244674974e-07
2235.0  1.5068073492056114e-07
2272.0  1.5011658367403239e-07
2309.0  1.495684859477553e-07
2346.0  1.4903575557959516e-07
2384.0  1.4850394366665286e-07
2423.0  1.4797358850676948e-07
2463.0  1.4744519471761012e-07
2503.0  1.4693187920408027e-07
2543.0  1.4643299665726457e-07
2585.0  1.4592403803170006e-07
2627.0  1.4542965701705493e-07
2669.0  1.4494922797204372e-07
2713.0  1.4446024333555366e-07
2757.0  1.439852845209428e-07
2802.0  1.435134112437001e-07
2847.0  1.4305497147074211e-07
2894.0  1.4258987921234933e-07
2941.0  1.4213820255094778e-07
2989.0  1.416901611454397e-07
3037.0  1.4125492794507275e-07
3087.0  1.4081459003821842e-07
3137.0  1.4038697322477214e-07
3188.0  1.3996334006540157e-07
3240.0  1.3954387030982326e-07
3292.0  1.39136447012864e-07
3346.0  1.3872555046561203e-07
3400.0  1.3832654291035236e-07
3456.0  1.3792476627204526e-07
3512.0  1.375346844085715e-07
3569.0  1.371491222586803e-07
3627.0  1.3676817216281737e-07
3686.0  1.3639191434316703e-07
3746.0  1.3602041758021532e-07
3807.0  1.3565373987219614e-07
3869.0  1.3529192907588068e-07
3932.0  1.3493502352741238e-07
3996.0  1.3458305264221293e-07
4061.0  1.342360374932273e-07
4127.0  1.3389399136694988e-07
4194.0  1.335569202969381e-07
4262.0  1.332248235746343e-07
4331.0  1.3289769423751193e-07
4402.0  1.3257098569307227e-07
4474.0  1.3224948005726597e-07
4546.0  1.319374118851709e-07
4620.0  1.3162607632765207e-07
4695.0  1.3131982996718944e-07
4772.0  1.3101472248569648e-07
4849.0  1.307186263741238e-07
4928.0  1.3042379041542615e-07
5008.0  1.3013405306920598e-07
5090.0  1.2984588518635356e-07
5173.0  1.2956288492279897e-07
5257.0  1.2928497252590464e-07
5342.0  1.290120676469396e-07
5429.0  1.2874102020309091e-07
5517.0  1.284749994616958e-07
5607.0  1.282110259126741e-07
5698.0  1.279520702002342e-07
5791.0  1.276953149974071e-07
5885.0  1.2744354447454851e-07
5981.0  1.2719409532112294e-07
6078.0  1.269495768861692e-07
6177.0  1.267074719548708e-07
6278.0  1.264678896732616e-07
6380.0  1.2623319417866996e-07
6484.0  1.2600107060499885e-07
6589.0  1.2577373461525558e-07
6696.0  1.255489996078877e-07
6805.0  1.2532693589392268e-07
6916.0  1.251076052478587e-07
7028.0  1.2489294877079945e-07
7143.0  1.2467918060165387e-07
7259.0  1.2447006104028233e-07
7377.0  1.2426373962452603e-07
7497.0  1.240602468611446e-07
7619.0  1.2385960722592926e-07
7743.0  1.2366183954993883e-07
7869.0  1.234669573920225e-07
7997.0  1.2327496939724918e-07
8127.0  1.2308587964086368e-07
8259.0  1.2289968795763287e-07
8393.0  1.2271639025648556e-07
8530.0  1.2253467260371705e-07
8668.0  1.2235717580314903e-07
8809.0  1.2218131053105547e-07
8953.0  1.220071716167728e-07
9098.0  1.218371537572318e-07
9246.0  1.2166888407510528e-07
9397.0  1.2150243737341121e-07
9549.0  1.2133998516085328e-07
9705.0  1.2117833343753401e-07
9863.0  1.2101961192834046e-07
10023.0  1.208637784016243e-07
10186.0  1.2070986005414496e-07
10352.0  1.2055789819540718e-07
10520.0  1.2040880219827625e-07
10691.0  1.2026167500127747e-07
10865.0  1.2011654412515396e-07
11042.0  1.1997343230363825e-07
11221.0  1.198331294797588e-07
11404.0  1.1969408261163838e-07
11589.0  1.1955782307524309e-07
11778.0  1.1942288478360053e-07
11970.0  1.192900189257515e-07
12164.0  1.1915988582389102e-07
12362.0  1.1903114140446212e-07
12563.0  1.1890446133224414e-07
12768.0  1.1877923605212027e-07
12975.0  1.1865667641077226e-07
13186.0  1.1853558445580594e-07
13401.0  1.1841599789925722e-07
13619.0  1.1829848026437355e-07
13840.0  1.1818301067773994e-07
14065.0  1.1806906840978216e-07
14294.0  1.1795667614979204e-07
14527.0  1.178458527252768e-07
14763.0  1.1773706711068915e-07
15003.0  1.1762984930276257e-07
15247.0  1.1752420923463953e-07
15495.0  1.1742015386155529e-07
15747.0  1.1731768736841729e-07
16003.0  1.1721681136881257e-07
16263.0  1.1711752509534468e-07
16528.0  1.1701946128830773e-07
16797.0  1.1692300177457805e-07
17070.0  1.1682813862382569e-07
17348.0  1.1673453076355522e-07
17630.0  1.1664251904732907e-07
17917.0  1.1655177873576989e-07
18208.0  1.164626256064977e-07
18504.0  1.1637475066122464e-07
18805.0  1.1628816334060186e-07
19111.0  1.1620287053466196e-07
19422.0  1.1611887675887889e-07
19738.0  1.1603618432313862e-07
20059.0  1.1595479349350635e-07
20385.0  1.1587470264672645e-07
20716.0  1.1579590841743608e-07
21053.0  1.1571817879176103e-07
21396.0  1.1564152849955663e-07
21744.0  1.15566182723253e-07
22098.0  1.1549192465222055e-07
22457.0  1.1541896220974462e-07
22822.0  1.1534708858451894e-07
23193.0  1.1527630802812876e-07
23571.0  1.1520644096203406e-07
23954.0  1.1513785751111877e-07
24344.0  1.150701981024095e-07
24740.0  1.1500364161156877e-07
25142.0  1.1493818361942728e-07
25551.0  1.1487366318203136e-07
25967.0  1.148100880129672e-07
26389.0  1.1474760959282573e-07
26818.0  1.1468607703577201e-07
27254.0  1.1462549301786601e-07
27698.0  1.1456572614451217e-07
28148.0  1.1450704517102338e-07
28606.0  1.1444918728433988e-07
29071.0  1.1439228163647769e-07
29544.0  1.1433620707544235e-07
30025.0  1.1428096904379357e-07
30513.0  1.1422668084216081e-07
31009.0  1.1417322841882986e-07
31514.0  1.1412051023696958e-07
32026.0  1.1406873490220414e-07
32547.0  1.1401769862580777e-07
33076.0  1.139675014291456e-07
33614.0  1.139180491033641e-07
34161.0  1.1386934547668893e-07
34717.0  1.138213929920125e-07
35282.0  1.1377419280679377e-07
35855.0  1.1372782453138671e-07
36439.0  1.1368204810639046e-07
37031.0  1.136371003172034e-07
37634.0  1.1359275368301847e-07
38246.0  1.1354915811627053e-07
38868.0  1.1350624056405825e-07
39500.0  1.1346400157671797e-07
40142.0  1.1342244066803576e-07
40795.0  1.1338149468248375e-07
41459.0  1.1334116710917211e-07
42133.0  1.1330151815741922e-07
42819.0  1.1326243144386825e-07
43515.0  1.132240212695881e-07
44223.0  1.1318617658532046e-07
44942.0  1.1314895188953469e-07
45673.0  1.1311229546355577e-07
46416.0  1.1307620886787699e-07
47171.0  1.1304069270520127e-07
47938.0  1.1300574669247118e-07
48718.0  1.1297132629987456e-07
49510.0  1.1293747583510243e-07
50315.0  1.1290415188366853e-07
51134.0  1.1287131552844252e-07
51966.0  1.1283900843332904e-07
52811.0  1.1280722944830572e-07
53670.0  1.1277594088669563e-07
54543.0  1.1274514365939633e-07
55430.0  1.1271483788253243e-07
56331.0  1.1268502293825517e-07
57248.0  1.126556344519253e-07
58179.0  1.12626737559341e-07
59125.0  1.1259829999933536e-07
60087.0  1.1257029272309942e-07
61064.0  1.1254274514275212e-07
62057.0  1.1251562865844907e-07
63067.0  1.124889175144781e-07
64092.0  1.1246266419676339e-07
65135.0  1.1243679201478242e-07
66194.0  1.1241135131667002e-07
67271.0  1.1238629409786262e-07
68365.0  1.1236164418731006e-07
69477.0  1.1233737897005876e-07
70607.0  1.1231349882423135e-07
71756.0  1.1228998338800814e-07
72923.0  1.1226685329871663e-07
74109.0  1.1224408832333312e-07
75314.0  1.1222168844119784e-07
76539.0  1.1219963537614343e-07
77784.0  1.1217792974856876e-07
79049.0  1.1215657161604347e-07
80335.0  1.1213554442571718e-07
81642.0  1.121148487605445e-07
82970.0  1.1209448466665038e-07
84319.0  1.12074451694586e-07
85691.0  1.120547206335128e-07
87084.0  1.1203532024973969e-07
88501.0  1.1201620892943279e-07
89940.0  1.1199741400615563e-07
91403.0  1.1197890921946551e-07
92890.0  1.1196069520024073e-07
94401.0  1.1194277209881753e-07
95936.0  1.1192513962166994e-07
97496.0  1.1190778611936174e-07
99082.0  1.118907009496394e-07
100694.0  1.1187388466510737e-07
102332.0  1.1185733737599604e-07
103996.0  1.1184105878401523e-07
105688.0  1.1182502956919689e-07
107407.0  1.1180925950660479e-07
109154.0  1.1179373931504069e-07
110929.0  1.1177846894189376e-07
112733.0  1.1176343976878572e-07
114567.0  1.1174864387577706e-07
116430.0  1.1173408936268056e-07
118324.0  1.1171976064291204e-07
120249.0  1.117056581278773e-07
122204.0  1.1169178884158544e-07
124192.0  1.1167813154327691e-07
126212.0  1.116646934728008e-07
128265.0  1.1165146799263172e-07
130351.0  1.1163845510328634e-07
132471.0  1.116256485441347e-07
134626.0  1.1161304251522756e-07
136816.0  1.1160063721558814e-07
139041.0  1.1158843252975265e-07
141303.0  1.115764175984241e-07
143601.0  1.1156459780325398e-07
145937.0  1.1155296287326417e-07
148310.0  1.1154151776304967e-07
150723.0  1.1153024815082952e-07
153174.0  1.1151916347173845e-07
155665.0  1.1150825449214947e-07
158197.0  1.1149751701571e-07
160770.0  1.1148695115540466e-07
163385.0  1.1147655284664267e-07
166043.0  1.1146631827650975e-07
168744.0  1.1145624753310206e-07
171488.0  1.1144634045330875e-07
174277.0  1.1143658976192429e-07
177112.0  1.1142699217376699e-07
179993.0  1.114175478146634e-07
182920.0  1.1140825657209451e-07
185896.0  1.1139910903971927e-07
188919.0  1.1139011140315548e-07
191992.0  1.1138125468499981e-07
195115.0  1.1137253903810866e-07
198288.0  1.1136396439300684e-07
201514.0  1.1135552275027564e-07
204791.0  1.1134721936769364e-07
208122.0  1.1133904657927049e-07
211507.0  1.1133100447769955e-07
214947.0  1.1132309068969203e-07
218444.0  1.1131530075049788e-07
221997.0  1.113076369336568e-07
225607.0  1.1130009693627514e-07
229277.0  1.1129267456704336e-07
233006.0  1.1128537193247236e-07
236796.0  1.112781851070974e-07
240648.0  1.1127111228203524e-07
244562.0  1.1126415345433825e-07
248539.0  1.1125730675706685e-07
252582.0  1.1125056710088733e-07
256690.0  1.1124393621988893e-07
260865.0  1.1123741086149366e-07
265108.0  1.1123098950406724e-07
269420.0  1.1122467065993954e-07
273803.0  1.1121845147649238e-07
278256.0  1.1121233336301653e-07
282782.0  1.1120631216765875e-07
287381.0  1.1120038790642097e-07
292056.0  1.1119455676733576e-07
296806.0  1.1118882002496259e-07
301633.0  1.1118317520513653e-07
306540.0  1.1117761888431741e-07
311525.0  1.1117215332677742e-07
316592.0  1.1116677411469101e-07
321742.0  1.1116148027856315e-07
326975.0  1.1115627182459392e-07
332293.0  1.111511467345575e-07
337698.0  1.1114610311328106e-07
343191.0  1.1114114006816408e-07
348773.0  1.1113625669832505e-07
354446.0  1.1113145126173184e-07
360211.0  1.1112672292228301e-07
366070.0  1.1112207005110975e-07
372024.0  1.1111749186481895e-07
378075.0  1.1111298683323364e-07
384224.0  1.1110855421554816e-07
390474.0  1.1110419188104252e-07
396825.0  1.1109989985349861e-07
403279.0  1.1109567676252014e-07
409838.0  1.1109152130327832e-07
416504.0  1.1108743223146096e-07
423279.0  1.1108340835857437e-07
430164.0  1.1107944911343857e-07
437160.0  1.1107555390035227e-07
444271.0  1.1107172050973443e-07
451497.0  1.1106794896799045e-07
458840.0  1.110642382132032e-07
466303.0  1.1106058674208356e-07
473888.0  1.1105699361573152e-07
481596.0  1.1105345837782598e-07
489429.0  1.1104998010650939e-07
497390.0  1.110465574861973e-07
505480.0  1.1104319010136644e-07
513701.0  1.1103987711028805e-07
522057.0  1.1103661692662988e-07
530548.0  1.1103340957002639e-07
539177.0  1.1103025390112385e-07
547947.0  1.1102714884493749e-07
556860.0  1.1102409372315486e-07
565917.0  1.1102108819575031e-07
575122.0  1.110181309436299e-07
584476.0  1.1101522165846298e-07
593983.0  1.1101235911149579e-07
603644.0  1.1100954301871266e-07
613462.0  1.1100677250872341e-07
623440.0  1.1100404675154831e-07
633580.0  1.1100136521565148e-07
643886.0  1.1099872686779347e-07
654359.0  1.1099613147257629e-07
665002.0  1.1099357829019845e-07
675818.0  1.1099106661150984e-07
686810.0  1.1098859575570275e-07
697981.0  1.1098616506816904e-07
709334.0  1.1098377391852516e-07
720872.0  1.1098142169878266e-07
732597.0  1.1097910801580533e-07
744512.0  1.1097683228278613e-07
756622.0  1.1097459356808019e-07
768928.0  1.1097239170844905e-07
781435.0  1.1097022582796558e-07
794145.0  1.1096809560437372e-07
807062.0  1.1096600038705254e-07
820189.0  1.1096393971255024e-07
833529.0  1.1096191312776358e-07
847087.0  1.1095991989999229e-07
860865.0  1.109579597627672e-07
874867.0  1.1095603216733467e-07
889097.0  1.109541365895644e-07
903558.0  1.1095227265494777e-07
918254.0  1.109504398710166e-07
933190.0  1.1094863764703136e-07
948368.0  1.1094686577113361e-07
963793.0  1.1094512368518761e-07
979470.0  1.1094341086266414e-07
995401.0  1.1094172711818367e-07
1011591.0  1.1094007195108507e-07
1028045.0  1.1093844488781893e-07
1044766.0  1.1093684566813188e-07
1061759.0  1.1093527384850228e-07
1079029.0  1.1093372900831753e-07
1096579.0  1.1093221091841925e-07
1114415.0  1.1093071910027565e-07
1132541.0  1.1092925326488154e-07
1150962.0  1.1092781305357994e-07
1169683.0  1.1092639812483886e-07
1188708.0  1.1092500822499811e-07
1208042.0  1.1092364303640441e-07
1227691.0  1.1092230218892001e-07
1247660.0  1.1092098540002567e-07
1267953.0  1.1091969246240506e-07
1288576.0  1.1091842305114111e-07
1309535.0  1.1091717686126166e-07
1330835.0  1.1091595366299269e-07
1352481.0  1.1091475323649235e-07
1374479.0  1.109135753188411e-07
1396835.0  1.1091241966361808e-07
1419555.0  1.1091128604006797e-07
1442644.0  1.1091017427965333e-07
1466109.0  1.1090908413015574e-07
1489955.0  1.1090801544781653e-07
1514189.0  1.1090696801085275e-07
1538818.0  1.1090594161655626e-07
1563847.0  1.1090493615933826e-07
1589283.0  1.1090395146361342e-07
1615133.0  1.1090298737115634e-07
1641403.0  1.1090204377576172e-07
1668101.0  1.1090112051438318e-07
1695232.0  1.109002175431321e-07
1722805.0  1.1089933469810077e-07
1750827.0  1.1089847190116274e-07
1779304.0  1.1089762911833651e-07
1808245.0  1.108968062425061e-07
1837656.0  1.108960032709612e-07
1867546.0  1.1089522013459673e-07
1897922.0  1.1089445683725643e-07
1928792.0  1.1089371337440069e-07
1960163.0  1.1089298978360684e-07
1992046.0  1.1089228603190808e-07
2024447.0  1.1089160222111493e-07
2057374.0  1.1089093842630756e-07
2090838.0  1.1089029468712932e-07
2124845.0  1.1088967116493711e-07
2159406.0  1.1088906795096077e-07
2194529.0  1.1088848521827452e-07
2230223.0  1.1088792314843878e-07
2266498.0  1.1088738193682741e-07
2303363.0  1.1088686182528641e-07
2340827.0  1.1088636308655755e-07
2378901.0  1.1088588600162666e-07
2417594.0  1.1088543091476285e-07
2456916.0  1.10884998196015e-07
2496878.0  1.1088458824733695e-07
2537490.0  1.1088420152719938e-07
2578763.0  1.1088383853301877e-07
2620707.0  1.1088349982357459e-07
2663333.0  1.1088318600523665e-07
2706652.0  1.1088289774614727e-07
2750676.0  1.1088263577549693e-07
2795416.0  1.1088240090237033e-07
2840884.0  1.1088219401010121e-07
2887091.0  1.1088201607391415e-07
2934050.0  1.1088186815712534e-07
2981772.0  1.1088175143577163e-07
3030271.0  1.1088166719516265e-07
3079559.0  1.108816168559398e-07
