1.0  4.0608265392217905e-06
2.0  2.87155440165218e-06
3.0  2.344709402388265e-06
4.0  2.030660220629707e-06
5.0  1.816351337612815e-06
6.0  1.658161536656733e-06
7.0  1.5352214950262505e-06
8.0  1.4361264069181856e-06
9.0  1.3540478259577944e-06
10.0  1.284614604326003e-06
11.0  1.224881589754838e-06
12.0  1.1727823462380266e-06
13.0  1.1268184742695787e-06
14.0  1.0858734319518625e-06
15.0  1.049095887727831e-06
16.0  1.0158238622652092e-06
17.0  9.85533808415377e-07
18.0  9.578054856357788e-07
19.0  9.322971474379645e-07
20.0  9.087276443727459e-07
21.0  8.868632743334706e-07
22.0  8.665079603116872e-07
23.0  8.474958042190264e-07
24.0  8.296853660557563e-07
25.0  8.129552150315742e-07
26.0  7.972004313852554e-07
27.0  7.823298277738925e-07
28.0  7.682637216038669e-07
29.0  7.549321336878269e-07
30.0  7.422733200424405e-07
31.0  7.302325663797966e-07
32.0  7.18761191493214e-07
33.0  7.078157180634037e-07
34.0  6.973571786307489e-07
35.0  6.873505314431581e-07
36.0  6.77764166196408e-07
37.0  6.685694837632912e-07
38.0  6.597405371684702e-07
39.0  6.5125372353307e-07
40.0  6.430875186523343e-07
41.0  6.352222474044771e-07
42.0  6.276398844110188e-07
43.0  6.203238803480109e-07
44.0  6.132590100964135e-07
45.0  6.064312395588446e-07
46.0  5.998276084901707e-07
47.0  5.934361271150214e-07
48.0  5.872456846551415e-07
49.0  5.812459681783566e-07
50.0  5.754273904203748e-07
51.0  5.697810254300143e-07
52.0  5.642985510550626e-07
53.0  5.589721974257171e-07
54.0  5.53794700710223e-07
55.0  5.487592615166882e-07
56.0  5.438595073993016e-07
57.0  5.390894589987892e-07
58.0  5.344434994079951e-07
59.0  5.299163464057345e-07
60.0  5.255030272468352e-07
61.0  5.211988557348502e-07
62.0  5.16999411337116e-07
63.0  5.129005201305857e-07
65.0  5.049888316655319e-07
66.0  5.011687701670895e-07
67.0  4.974347053864543e-07
68.0  4.937834627808464e-07
69.0  4.902120294516717e-07
71.0  4.83297285479831e-07
72.0  4.799486673715804e-07
73.0  4.766692265167332e-07
75.0  4.7030860256321486e-07
76.0  4.6722305060146954e-07
78.0  4.612312836630388e-07
79.0  4.583212674276017e-07
81.0  4.526640854290375e-07
82.0  4.4991359461599105e-07
84.0  4.445610228901777e-07
85.0  4.4195601910260113e-07
87.0  4.36881711588305e-07
88.0  4.344098267230087e-07
90.0  4.295905201208161e-07
92.0  4.249296068464653e-07
93.0  4.2265587431837244e-07
95.0  4.182168570716259e-07
97.0  4.1391619276580497e-07
99.0  4.0974685437995547e-07
100.0  4.0770937154292084e-07
102.0  4.0372490546274074e-07
104.0  3.998562468965799e-07
106.0  3.960979040189455e-07
108.0  3.924447427193212e-07
110.0  3.888919571947703e-07
112.0  3.8543504344422474e-07
114.0  3.820697753320549e-07
116.0  3.7879218293168647e-07
119.0  3.740320798663942e-07
121.0  3.709578174189133e-07
123.0  3.679590859865217e-07
125.0  3.650328500873305e-07
128.0  3.6077319583119546e-07
130.0  3.5801599248279384e-07
132.0  3.5532190885915586e-07
135.0  3.513939914085285e-07
137.0  3.488476220274442e-07
140.0  3.451312424272753e-07
143.0  3.41532866829305e-07
145.0  3.391964778820086e-07
148.0  3.357814391611897e-07
151.0  3.3246908363871305e-07
154.0  3.2925438171029877e-07
156.0  3.2716316928084757e-07
159.0  3.2410095174879365e-07
162.0  3.211245520629424e-07
165.0  3.182300480146162e-07
168.0  3.15413763737987e-07
171.0  3.126722501708711e-07
175.0  3.091276369503332e-07
178.0  3.0654832025619136e-07
181.0  3.0403370048860633e-07
185.0  3.007769542949667e-07
188.0  2.9840324306217337e-07
192.0  2.953256842285596e-07
195.0  2.930802412203642e-07
199.0  2.901660774350499e-07
202.0  2.8803779395863363e-07
206.0  2.8527311405150234e-07
210.0  2.825882343812919e-07
214.0  2.799794040387033e-07
218.0  2.774431142396031e-07
222.0  2.7497607859768943e-07
226.0  2.7257521532654547e-07
230.0  2.702376311519842e-07
235.0  2.6740050991365004e-07
239.0  2.651956048556113e-07
243.0  2.630457105437041e-07
248.0  2.604323022534918e-07
253.0  2.578972583544387e-07
257.0  2.5592306936847764e-07
262.0  2.535196259090689e-07
267.0  2.5118447864278863e-07
272.0  2.4891446975683557e-07
277.0  2.4670664197794433e-07
282.0  2.445582224940421e-07
287.0  2.4246660842371844e-07
293.0  2.400282208897497e-07
298.0  2.3805317159839556e-07
304.0  2.3574823642483738e-07
309.0  2.3387937120635284e-07
315.0  2.3169621062028218e-07
321.0  2.2957505308520608e-07
327.0  2.2751303618547325e-07
333.0  2.2550747897911728e-07
339.0  2.2355586747300092e-07
346.0  2.2134402802728743e-07
352.0  2.1950139090796957e-07
359.0  2.1741084175373713e-07
365.0  2.1566746533797058e-07
372.0  2.1368758327358256e-07
379.0  2.117633395446614e-07
386.0  2.0989219481740998e-07
393.0  2.0807176891834533e-07
401.0  2.060505278691153e-07
408.0  2.0433143674582566e-07
416.0  2.0242070241237197e-07
423.0  2.0079394910951444e-07
431.0  1.9898408033926065e-07
439.0  1.972244638643771e-07
447.0  1.9551283558242866e-07
456.0  1.936419751074278e-07
464.0  1.9202542977466613e-07
473.0  1.9025665268312137e-07
482.0  1.8853825428512454e-07
491.0  1.868679090582411e-07
500.0  1.8524343882268074e-07
509.0  1.8366280095744963e-07
518.0  1.8212407774801126e-07
528.0  1.804613558183846e-07
538.0  1.7884583875938048e-07
548.0  1.7727535661424293e-07
558.0  1.7574787632547296e-07
569.0  1.741150425901369e-07
579.0  1.726717970574093e-07
590.0  1.7112742876914783e-07
601.0  1.696262954995859e-07
612.0  1.6816643907086257e-07
623.0  1.66746023029286e-07
635.0  1.6523943652981962e-07
647.0  1.6377563868747458e-07
659.0  1.623526654944118e-07
671.0  1.6096867662154932e-07
684.0  1.5951134823336551e-07
696.0  1.5820315310600596e-07
709.0  1.568242517391904e-07
723.0  1.5538181817002504e-07
736.0  1.5408010987053114e-07
750.0  1.5271699845067206e-07
764.0  1.5139223766635097e-07
778.0  1.5010408683459152e-07
792.0  1.488509136440911e-07
807.0  1.4754530340696625e-07
822.0  1.4627632038203725e-07
837.0  1.4504230837101694e-07
853.0  1.4376282618469142e-07
869.0  1.4251960000648974e-07
885.0  1.4131097543775203e-07
901.0  1.4013540158196844e-07
918.0  1.389209415941323e-07
935.0  1.3774051323801903e-07
953.0  1.365260375946691e-07
970.0  1.3541094824554206e-07
989.0  1.3419967468967435e-07
1007.0  1.3308469529760022e-07
1026.0  1.3194054469419222e-07
1045.0  1.3082853300141604e-07
1064.0  1.2974721020635668e-07
1084.0  1.2864063568846078e-07
1104.0  1.2756507108316898e-07
1125.0  1.2646757792126418e-07
1146.0  1.254012238294992e-07
1167.0  1.243645921337185e-07
1189.0  1.2330902982061445e-07
1211.0  1.2228319904551168e-07
1233.0  1.2128575811491753e-07
1256.0  1.2027196847711e-07
1280.0  1.192442590234586e-07
1304.0  1.1824593468145316e-07
1328.0  1.1727565146426874e-07
1352.0  1.1633214952844427e-07
1378.0  1.1533887480966973e-07
1403.0  1.1441082383399711e-07
1429.0  1.1347247436237467e-07
1456.0  1.1252567284804698e-07
1483.0  1.1160574841168227e-07
1511.0  1.1067884020992397e-07
1539.0  1.0977825558601063e-07
1567.0  1.0890280243287409e-07
1597.0  1.0799143608317437e-07
1626.0  1.0713544048445006e-07
1657.0  1.0624633151837059e-07
1687.0  1.0541025594148588e-07
1719.0  1.045436358506388e-07
1751.0  1.0370184143388006e-07
1783.0  1.0288374190628462e-07
1817.0  1.0203928879500877e-07
1850.0  1.012429801167245e-07
1885.0  1.0042235012782914e-07
1920.0  9.962524465429462e-08
1956.0  9.882878061133261e-08
1992.0  9.805498175942422e-08
2029.0  9.728223174877829e-08
2067.0  9.651130083880393e-08
2105.0  9.576232991513947e-08
2145.0  9.499657562563388e-08
2184.0  9.427130276193836e-08
2225.0  9.353051280293924e-08
2266.0  9.281093436990176e-08
2309.0  9.207799614234003e-08
2352.0  9.13662966311131e-08
2395.0  9.067486428689646e-08
2440.0  8.997198548620187e-08
2485.0  8.928932716220669e-08
2532.0  8.859692398952648e-08
2579.0  8.79245996780751e-08
2627.0  8.725774198708075e-08
2676.0  8.659665609990502e-08
2725.0  8.595453168780821e-08
2776.0  8.530541605129476e-08
2828.0  8.466283139500993e-08
2880.0  8.40388008651114e-08
2934.0  8.34095061661026e-08
2989.0  8.27872807971613e-08
3044.0  8.218308198123364e-08
3101.0  8.157506009484563e-08
3159.0  8.097446112791644e-08
3217.0  8.039127166717498e-08
3277.0  7.980545220847842e-08
3338.0  7.922725727858037e-08
3400.0  7.865672259427565e-08
3464.0  7.808507018099775e-08
3528.0  7.75301697453821e-08
3594.0  7.697466356449109e-08
3661.0  7.642732039273492e-08
3729.0  7.588809962699635e-08
3798.0  7.535695321672482e-08
3869.0  7.482646424645842e-08
3941.0  7.430436437712346e-08
4014.0  7.37905662116637e-08
4089.0  7.327824789890614e-08
4165.0  7.277443925887344e-08
4243.0  7.22726849268979e-08
4322.0  7.17795759514859e-08
4402.0  7.129497251121174e-08
4484.0  7.081294299400694e-08
4567.0  7.033947913294338e-08
4652.0  6.986897036998907e-08
4739.0  6.940174466385913e-08
4827.0  6.894323450706988e-08
4917.0  6.848827537753206e-08
5008.0  6.804196012777382e-08
5102.0  6.759472116916485e-08
5197.0  6.715629943409472e-08
5293.0  6.672648043497813e-08
5392.0  6.629649825392714e-08
5492.0  6.587521443156734e-08
5594.0  6.545837857562433e-08
5698.0  6.504613240948748e-08
5804.0  6.463860119229409e-08
5913.0  6.423222305914241e-08
6023.0  6.383454721589651e-08
6135.0  6.344186938738433e-08
6249.0  6.305425823902395e-08
6365.0  6.267177043397392e-08
6484.0  6.229130291449263e-08
6604.0  6.191928289922888e-08
6727.0  6.154952871626979e-08
6852.0  6.118519654262062e-08
6980.0  6.082350350786846e-08
7110.0  6.04673937474845e-08
7242.0  6.011684450966701e-08
7377.0  5.976929213075573e-08
7514.0  5.94273920608341e-08
7654.0  5.908871577935461e-08
7796.0  5.8755739970471045e-08
7941.0  5.842616500967313e-08
8089.0  5.8100132031285685e-08
8240.0  5.7777766879630317e-08
8393.0  5.7461217563561514e-08
8549.0  5.714841901048237e-08
8708.0  5.6839461663169585e-08
8870.0  5.6534423785207835e-08
9036.0  5.623157634641776e-08
9204.0  5.5934622955585066e-08
9375.0  5.564175637823294e-08
9549.0  5.535301340442787e-08
9727.0  5.506683958540922e-08
9908.0  5.47849360902571e-08
10093.0  5.450582576998919e-08
10280.0  5.423252593129081e-08
10472.0  5.396071164601001e-08
10667.0  5.36933332853252e-08
10865.0  5.343036611022527e-08
11067.0  5.317051481422357e-08
11273.0  5.291386537120156e-08
11483.0  5.2660492592329545e-08
11697.0  5.241046079556739e-08
11915.0  5.216382445701029e-08
12136.0  5.1921706876659307e-08
12362.0  5.168195441447914e-08
12592.0  5.14457090642589e-08
12826.0  5.121299200107868e-08
13065.0  5.098287005068118e-08
13308.0  5.0756358812611305e-08
13556.0  5.053256941687827e-08
13808.0  5.031244005937049e-08
14065.0  5.00951247240095e-08
14327.0  4.988068482650914e-08
14594.0  4.96691727007165e-08
14865.0  4.946138647090882e-08
15142.0  4.925582911117106e-08
15424.0  4.9053308462269774e-08
15711.0  4.8853846079356974e-08
16003.0  4.865745711810823e-08
16301.0  4.8463510565682344e-08
16604.0  4.8272691785473904e-08
16913.0  4.8084398009247386e-08
17228.0  4.789867960280234e-08
17549.0  4.771557900717415e-08
17875.0  4.753567404193552e-08
18208.0  4.735788953795602e-08
18547.0  4.718280824158984e-08
18892.0  4.701044584782235e-08
19244.0  4.6840337209539486e-08
19602.0  4.667299375933533e-08
19966.0  4.6508414281325584e-08
20338.0  4.634573306554007e-08
20716.0  4.618585724521787e-08
21102.0  4.602796638650296e-08
21495.0  4.587250983353433e-08
21895.0  4.571950139120594e-08
22302.0  4.5568949819190534e-08
22717.0  4.5420507472728325e-08
23140.0  4.527420902332529e-08
23571.0  4.513008292248149e-08
24009.0  4.4988469731127314e-08
24456.0  4.484874033873179e-08
24911.0  4.471123582300365e-08
25375.0  4.457567655650022e-08
25847.0  4.44423722701242e-08
26328.0  4.431105299959975e-08
26818.0  4.4181740476096614e-08
27317.0  4.405445137405238e-08
27826.0  4.392895527933389e-08
28343.0  4.380575273739567e-08
28871.0  4.368414373792432e-08
29408.0  4.356461144246621e-08
29955.0  4.34469393885535e-08
30513.0  4.333093647618605e-08
31081.0  4.3216829881602676e-08
31659.0  4.310462407937249e-08
32248.0  4.2994135581674917e-08
32849.0  4.288520250933453e-08
33460.0  4.277819925512651e-08
34083.0  4.267278321310384e-08
34717.0  4.2569136434649464e-08
35363.0  4.246710422983637e-08
36021.0  4.236669988202132e-08
36691.0  4.226793281309585e-08
37374.0  4.2170668906980554e-08
38070.0  4.207492499973077e-08
38778.0  4.198084454140027e-08
39500.0  4.188817104084727e-08
40235.0  4.1797045446323244e-08
40984.0  4.1707352665675375e-08
41747.0  4.1619104458735505e-08
42523.0  4.153241889683056e-08
43315.0  4.144697171914451e-08
44121.0  4.1362992007012985e-08
44942.0  4.128037991475122e-08
45778.0  4.119914217415756e-08
46630.0  4.1119190343784707e-08
47498.0  4.104053497652452e-08
48382.0  4.0963183480229634e-08
49282.0  4.0887140359125915e-08
50200.0  4.081224710867167e-08
51134.0  4.073867447885578e-08
52085.0  4.066634428454221e-08
53055.0  4.059511445790548e-08
54042.0  4.052513912793306e-08
55048.0  4.0456280937286834e-08
56072.0  4.0388613935089153e-08
57116.0  4.032201237720524e-08
58179.0  4.025654732758474e-08
59262.0  4.0192161837857604e-08
60364.0  4.0128917680345815e-08
61488.0  4.006664869195994e-08
62632.0  4.000547228956626e-08
63798.0  3.994528562807664e-08
64985.0  3.988614497823216e-08
66194.0  3.982800289917452e-08
67426.0  3.9770816662218485e-08
68681.0  3.9714591860778486e-08
69959.0  3.965933188350133e-08
71261.0  3.9604997093012455e-08
72587.0  3.955159127901599e-08
73938.0  3.949907804425421e-08
75314.0  3.944746134029476e-08
76716.0  3.939670759498487e-08
78144.0  3.9346820728983564e-08
79598.0  3.9297802753747715e-08
81079.0  3.92496219696407e-08
82588.0  3.92022495475558e-08
84125.0  3.915568903720733e-08
85691.0  3.9109913489711476e-08
87285.0  3.906495375984336e-08
88910.0  3.902072816599447e-08
90564.0  3.897729389953472e-08
92250.0  3.893457462486889e-08
93966.0  3.889262326366712e-08
95715.0  3.885136839548272e-08
97496.0  3.8810836549707856e-08
99311.0  3.877098476022943e-08
101159.0  3.8731837210486155e-08
103042.0  3.869335337831384e-08
104959.0  3.8655555232243265e-08
106913.0  3.86183858185736e-08
108902.0  3.858188502450741e-08
110929.0  3.854599920440673e-08
112993.0  3.851074806621773e-08
115096.0  3.847609900215396e-08
117238.0  3.844205404039434e-08
119420.0  3.8408598852005257e-08
121642.0  3.837573457471904e-08
123906.0  3.83434331210337e-08
126212.0  3.8311696306060005e-08
128561.0  3.8280511695596695e-08
130954.0  3.8249867592872356e-08
133391.0  3.821976510341182e-08
135873.0  3.8190192521145274e-08
138402.0  3.816112749604766e-08
140977.0  3.8132582525998904e-08
143601.0  3.810452546509221e-08
146273.0  3.807696823029969e-08
148996.0  3.804988114788758e-08
151768.0  3.8023284908836554e-08
154593.0  3.799714194921632e-08
157470.0  3.7971462876682354e-08
160400.0  3.7946239126309806e-08
163385.0  3.792145431266759e-08
166426.0  3.789710137753803e-08
169523.0  3.787318106322436e-08
172678.0  3.784967859629364e-08
175892.0  3.7826587530800994e-08
179165.0  3.780390838141624e-08
182499.0  3.778162770920534e-08
185896.0  3.775973318595976e-08
189355.0  3.7738231809558556e-08
192879.0  3.77171053442148e-08
196469.0  3.7696348723600534e-08
200125.0  3.767596239479763e-08
203849.0  3.765593549527522e-08
207643.0  3.763625798321743e-08
211507.0  3.761693038905738e-08
215443.0  3.75979430507407e-08
219453.0  3.757928699900551e-08
223537.0  3.75609627081968e-08
227697.0  3.754296147323631e-08
231935.0  3.7525275177116004e-08
236251.0  3.750790414345587e-08
240648.0  3.7490836622136934e-08
245126.0  3.747407293689077e-08
249688.0  3.745760215709243e-08
254335.0  3.7441421140500355e-08
259068.0  3.742552663672671e-08
263889.0  3.7409912114842786e-08
268800.0  3.739457140440935e-08
273803.0  3.7379498662911046e-08
278898.0  3.7364694053066375e-08
284088.0  3.7350148940369514e-08
289375.0  3.733585802433471e-08
294761.0  3.732181624628966e-08
300246.0  3.730802370608427e-08
305834.0  3.729447047364259e-08
311525.0  3.728115670228091e-08
317323.0  3.72680731909875e-08
323228.0  3.725522009861022e-08
329244.0  3.72425888611458e-08
335371.0  3.723017960524824e-08
341612.0  3.721798624364129e-08
347970.0  3.720600308494492e-08
354446.0  3.719422836947117e-08
361042.0  3.718265843778502e-08
367761.0  3.717128804901356e-08
374605.0  3.716011387286477e-08
381576.0  3.7149132632150085e-08
388678.0  3.713833811111448e-08
395911.0  3.71277303179283e-08
403279.0  3.71173033114737e-08
410784.0  3.710705425730804e-08
418429.0  3.709697903610529e-08
426216.0  3.7087074966635015e-08
434148.0  3.7077338158229325e-08
442227.0  3.706776604788601e-08
450457.0  3.705835381160747e-08
458840.0  3.704909909283028e-08
467380.0  3.703999741056365e-08
476078.0  3.7031047577613413e-08
484937.0  3.702224627235115e-08
493962.0  3.701358838944624e-08
503155.0  3.700507190474441e-08
512519.0  3.699669385829858e-08
522057.0  3.6988451357315953e-08
531772.0  3.69803415687655e-08
541669.0  3.697236012727267e-08
551749.0  3.696450599215046e-08
562017.0  3.695677498536159e-08
572477.0  3.694916387925598e-08
583131.0  3.694167094554478e-08
593983.0  3.693429303906064e-08
605037.0  3.692702711754069e-08
616297.0  3.691987023051281e-08
627766.0  3.691282011362946e-08
639449.0  3.6905873326140734e-08
651349.0  3.689902770292358e-08
663471.0  3.6892279966096044e-08
675818.0  3.6885628020491716e-08
688395.0  3.687906871849285e-08
701206.0  3.6872599513573304e-08
714256.0  3.686621740752149e-08
727548.0  3.6859920419297854e-08
741088.0  3.6853705170842524e-08
754880.0  3.684756928668109e-08
768928.0  3.684151039654424e-08
783238.0  3.68355253083496e-08
797814.0  3.6829611726660464e-08
812662.0  3.682376657097562e-08
827786.0  3.681798759291927e-08
843191.0  3.681227215966625e-08
858883.0  3.68066173047136e-08
874867.0  3.6801020462812515e-08
891148.0  3.679547907723241e-08
907733.0  3.678998994238869e-08
924626.0  3.6784550875803285e-08
941833.0  3.6779159034390897e-08
959361.0  3.677381129660501e-08
977215.0  3.676850517455171e-08
995401.0  3.6763237872589e-08
1013925.0  3.675800659920223e-08
1032795.0  3.675280801736382e-08
1052015.0  3.674763989829711e-08
1071593.0  3.6742498911479805e-08
1091536.0  3.673738201204134e-08
1111850.0  3.6732286403263604e-08
1132541.0  3.67272092609555e-08
1153618.0  3.672214701720423e-08
1175087.0  3.67170968267848e-08
1196956.0  3.671205534702428e-08
1219231.0  3.670701967453082e-08
1241921.0  3.670198619818255e-08
1265034.0  3.669695151923591e-08
1288576.0  3.669191263684526e-08
1312557.0  3.668686565513364e-08
1336984.0  3.6681807285627965e-08
1361865.0  3.667673398242626e-08
1387210.0  3.667164175429639e-08
1413026.0  3.666652717111682e-08
1439323.0  3.666138615254402e-08
1466109.0  3.665621496060422e-08
1493393.0  3.6651009601515803e-08
1521186.0  3.664576564461291e-08
1549495.0  3.6640479350978405e-08
1578331.0  3.663514615860256e-08
1607704.0  3.66297616249738e-08
1637624.0  3.662432123172524e-08
1668101.0  3.661882037926937e-08
1699144.0  3.661325456043962e-08
1730766.0  3.6607618461922373e-08
1762975.0  3.660190757017193e-08
1795785.0  3.659611620707747e-08
1829205.0  3.659023947758798e-08
1863246.0  3.658427202323995e-08
1897922.0  3.6578207848564636e-08
1933242.0  3.6572041715752814e-08
1969220.0  3.656576739009545e-08
2005868.0  3.6559378858676856e-08
2043197.0  3.655287014952873e-08
2081222.0  3.6546234454671275e-08
2119953.0  3.653946569470942e-08
2159406.0  3.6532556592863424e-08
2199593.0  3.652550041596324e-08
2240528.0  3.651828991997017e-08
2282224.0  3.6510917870707034e-08
2324697.0  3.6503376330614456e-08
2367960.0  3.649565771432416e-08
2412028.0  3.6487753897538934e-08
2456916.0  3.64796565644813e-08
2502640.0  3.647135702063602e-08
2549215.0  3.646284654834776e-08
2596656.0  3.645411622344115e-08
2644980.0  3.644515653877087e-08
2694204.0  3.6435957760531e-08
2744343.0  3.642651030152752e-08
2795416.0  3.641680358772441e-08
2847439.0  3.6406827368960164e-08
2900430.0  3.6396570768437376e-08
2954408.0  3.638602245727031e-08
3009390.0  3.6375171235760746e-08
3065395.0  3.6364005248148234e-08
3122443.0  3.63525121617049e-08
3180552.0  3.6340679766796475e-08
3239743.0  3.632849496130944e-08
3300035.0  3.631594476095084e-08
3361449.0  3.6303015473599016e-08
3424006.0  3.628969310224871e-08
3487727.0  3.6275963343601375e-08
3552635.0  3.626181114871606e-08
3618750.0  3.6247221806464676e-08
3686095.0  3.623217963571679e-08
3754694.0  3.6216668400942284e-08
3824570.0  3.6200671760134274e-08
3895746.0  3.6184173047898986e-08
3968246.0  3.616715504268912e-08
4042096.0  3.6149599717031936e-08
4117320.0  3.6131489181116993e-08
4193944.0  3.611280473760449e-08
4271994.0  3.60935273546696e-08
4351497.0  3.607363742212803e-08
4432479.0  3.605311525456605e-08
4514968.0  3.6031940343205616e-08
4598992.0  3.6010091858236e-08
4684580.0  3.598754839694875e-08
4771761.0  3.596428825010829e-08
4860564.0  3.5940289418418975e-08
4951020.0  3.591552907999556e-08
5043159.0  3.5889984412530424e-08
5137014.0  3.5863631502801776e-08
5232614.0  3.583644732040877e-08
5329994.0  3.5808406918491905e-08
5429186.0  3.5779485994718526e-08
5530224.0  3.5749659491583194e-08
5633143.0  3.571890189445128e-08
5737976.0  3.568718816265297e-08
5844761.0  3.565449164927601e-08
5953533.0  3.5620786545036144e-08
6064329.0  3.558604640170874e-08
6177188.0  3.5550244143704886e-08
6292146.0  3.5513353696663475e-08
6409244.0  3.547534748637704e-08
6528521.0  3.5436198716169074e-08
6650018.0  3.539588013097413e-08
6773776.0  3.535436472154352e-08
6899837.0  3.5311625453392234e-08
7028244.0  3.526763532255353e-08
7159041.0  3.522236741552895e-08
7292272.0  3.5175795324811e-08
7427982.0  3.51278928798202e-08
7566219.0  3.5078633503447034e-08
7707027.0  3.502799278514793e-08
7850456.0  3.497594499902822e-08
7996555.0  3.492246568247949e-08
8145372.0  3.486753175836164e-08
8296959.0  3.481111979108502e-08
8451366.0  3.475320829933965e-08
8608648.0  3.4693775246576794e-08
8768856.0  3.463280152947881e-08
8932046.0  3.457026769401925e-08
9098273.0  3.4506156318350506e-08
9267593.0  3.444045137534659e-08
9440065.0  3.4373137567979055e-08
9615746.0  3.430420239622193e-08
9794697.0  3.423363393856037e-08
9976978.0  3.4161422932772745e-08
10162651.0  3.40875617228848e-08
10351780.0  3.401204437598848e-08
10544428.0  3.393486800450779e-08
10740662.0  3.3856030890622644e-08
10940547.0  3.377553501143204e-08
11144153.0  3.3693383344416324e-08
11351547.0  3.3609583204393435e-08
11562801.0  3.3524143127868066e-08
11777987.0  3.3437074996131645e-08
11997177.0  3.3348394137280934e-08
12220447.0  3.3258117800622616e-08
12447871.0  3.316626766823669e-08
12679528.0  3.307286710165169e-08
12915497.0  3.297794323116144e-08
13155856.0  3.288152740686297e-08
13400689.0  3.27836524319382e-08
13650078.0  3.268435580588182e-08
13904108.0  3.258367773664756e-08
14162866.0  3.248166155021567e-08
14426440.0  3.2378354075186186e-08
14694918.0  3.227380599662279e-08
14968393.0  3.2168069862388125e-08
15246957.0  3.206120236248337e-08
15530706.0  3.195326231551512e-08
15819735.0  3.184431248621658e-08
16114143.0  3.1734417564710674e-08
16414030.0  3.16236451771599e-08
16719498.0  3.1512065356641074e-08
17030650.0  3.139975073726227e-08
17347594.0  3.128677493272515e-08
17670435.0  3.117321520266596e-08
17999285.0  3.1059148673916216e-08
18334255.0  3.0944654948539e-08
18675458.0  3.0829814783038634e-08
19023012.0  3.07147088464397e-08
19377033.0  3.059941979740267e-08
19737643.0  3.048402936122562e-08
20104964.0  3.0368620031340024e-08
20479121.0  3.025327381115655e-08
20860241.0  3.013807225679379e-08
21248454.0  3.0023095898861905e-08
21643891.0  2.990842456556166e-08
22046687.0  2.9794136234574034e-08
22456980.0  2.9680307104142043e-08
22874908.0  2.9567012175050515e-08
23300614.0  2.9454323640449374e-08
23734243.0  2.9342311525686976e-08
24175941.0  2.923104373623231e-08
24625859.0  2.9120584878402167e-08
25084151.0  2.9010996674469873e-08
25550971.0  2.890233855789615e-08
26026479.0  2.8794666174372198e-08
26510836.0  2.868803252832368e-08
27004207.0  2.8582487286555058e-08
27506760.0  2.847807704601773e-08
28018666.0  2.8374845399411717e-08
28540098.0  2.827283322759689e-08
29071234.0  2.8172078243725403e-08
29612254.0  2.8072615762859123e-08
30163343.0  2.797447834773165e-08
30724688.0  2.7877696606927494e-08
31296480.0  2.778229910108999e-08
31878913.0  2.7688312820882555e-08
32472185.0  2.759576335214577e-08
33076498.0  2.750467524572672e-08
33692057.0  2.7415072551739396e-08
34319072.0  2.7326978928689263e-08
34957756.0  2.7240418361890855e-08
35608326.0  2.7155415451617447e-08
36271003.0  2.7071995865832815e-08
36946012.0  2.6990186801559608e-08
37633584.0  2.6910017223684576e-08
38333951.0  2.6831518930143824e-08
39047352.0  2.6754726324141763e-08
39774030.0  2.66796772549584e-08
40514232.0  2.6606413485574306e-08
41268208.0  2.6534981248600083e-08
42036217.0  2.646543115195549e-08
42818518.0  2.6397819491763686e-08
43615378.0  2.6332207968882406e-08
44427067.0  2.6268664584399477e-08
45253863.0  2.6207263681280338e-08
46096045.0  2.614808691650346e-08
46953900.0  2.6091223156534948e-08
47827720.0  2.6036769135737525e-08
48717802.0  2.5984829867617243e-08
49624449.0  2.593551899935571e-08
50547968.0  2.588895933370957e-08
51488675.0  2.584528299357328e-08
52446887.0  2.5804632237731384e-08
53422933.0  2.5767159403496568e-08
54417143.0  2.57330278442223e-08
55429855.0  2.5702412116489212e-08
56461414.0  2.567549856657019e-08
57512171.0  2.5652485940541857e-08
58582482.0  2.5633586032596574e-08
59672712.0  2.5619024333730025e-08
60783231.0  2.5609040945901717e-08
61914418.0  2.560389151061603e-08
