1.0  4.000006467465805e-06
2.0  2.828491513115807e-06
3.0  2.3095024874998857e-06
4.0  2.000130118209342e-06
5.0  1.7890085913063929e-06
6.0  1.633168466438182e-06
7.0  1.5120521617219443e-06
8.0  1.4144251888198134e-06
9.0  1.333561049634115e-06
10.0  1.2651538403561319e-06
11.0  1.2063023568456894e-06
12.0  1.1549709908771684e-06
13.0  1.1096836907938686e-06
14.0  1.0693405630423397e-06
15.0  1.033102966682251e-06
16.0  1.0003187878209766e-06
17.0  9.704722796916672e-07
18.0  9.431494613443913e-07
19.0  9.180136753821051e-07
20.0  8.94787957991986e-07
21.0  8.7324208543074e-07
22.0  8.531828982986043e-07
23.0  8.344469664198849e-07
24.0  8.168949533246659e-07
25.0  8.00407233704986e-07
26.0  7.848804473869287e-07
27.0  7.702247621387102e-07
28.0  7.56361679203242e-07
29.0  7.432222587988093e-07
30.0  7.307456737929195e-07
31.0  7.188780221531117e-07
32.0  7.075713451779877e-07
33.0  6.967828106529989e-07
34.0  6.864740291577558e-07
35.0  6.766104786114879e-07
36.0  6.671610173714899e-07
37.0  6.580974702179977e-07
38.0  6.493942746723859e-07
39.0  6.41028177525834e-07
40.0  6.329779733661098e-07
41.0  6.252242784019287e-07
42.0  6.177493340883398e-07
43.0  6.105368360210873e-07
44.0  6.035717843450074e-07
45.0  5.968403525509426e-07
46.0  5.903297720481548e-07
47.0  5.840282303184833e-07
48.0  5.779247808031304e-07
49.0  5.720092629574831e-07
50.0  5.66272231145291e-07
51.0  5.607048912398959e-07
52.0  5.552990439643529e-07
53.0  5.500470341399408e-07
54.0  5.449417051284731e-07
55.0  5.39976357851705e-07
56.0  5.35144713854136e-07
57.0  5.304408819460176e-07
58.0  5.258593280235625e-07
59.0  5.213948477147925e-07
60.0  5.170425415435991e-07
61.0  5.127977923425547e-07
62.0  5.086562446777339e-07
63.0  5.046137860771117e-07
65.0  4.968107995352898e-07
66.0  4.930431142333252e-07
67.0  4.893601756953947e-07
68.0  4.857588560552765e-07
69.0  4.82236186702639e-07
71.0  4.7541565984365554e-07
72.0  4.7211257283835374e-07
73.0  4.688776602838828e-07
75.0  4.626032206602788e-07
76.0  4.5955938883944626e-07
78.0  4.536484675085261e-07
79.0  4.507776324778292e-07
81.0  4.4519645990637603e-07
82.0  4.4248284603278545e-07
84.0  4.372018867352937e-07
85.0  4.346316612274478e-07
87.0  4.296249548545164e-07
88.0  4.2718593060890235e-07
90.0  4.224305541719162e-07
92.0  4.178312934242457e-07
93.0  4.155875721037848e-07
95.0  4.1120702018407707e-07
97.0  4.069628362315841e-07
99.0  4.028480957496818e-07
100.0  4.0083723600016995e-07
102.0  3.9690472082255977e-07
104.0  3.9308635691774373e-07
106.0  3.8937673243789757e-07
108.0  3.857707880011709e-07
110.0  3.8226378771761294e-07
112.0  3.788512930739078e-07
114.0  3.75529139349443e-07
116.0  3.722934142787576e-07
119.0  3.675938916457316e-07
121.0  3.6455860905049255e-07
123.0  3.6159778660207935e-07
125.0  3.587084328019719e-07
128.0  3.5450226649575247e-07
130.0  3.517795547607341e-07
132.0  3.4911907155954743e-07
135.0  3.4523995807515056e-07
137.0  3.4272510688137434e-07
140.0  3.390545527826474e-07
143.0  3.355003442938028e-07
145.0  3.331925224308275e-07
148.0  3.2981907903796584e-07
151.0  3.2654688115186473e-07
154.0  3.233709715120074e-07
156.0  3.2130489556780665e-07
159.0  3.182793423423384e-07
162.0  3.153384116085828e-07
165.0  3.1247823740628334e-07
168.0  3.0969519654251493e-07
171.0  3.0698588933795216e-07
175.0  3.0348268445040353e-07
178.0  3.009333297835e-07
181.0  2.984477789790947e-07
185.0  2.9522846724007796e-07
188.0  2.928818845052288e-07
192.0  2.8983929665511793e-07
195.0  2.876192216863966e-07
199.0  2.8473779009289016e-07
202.0  2.826332720908855e-07
206.0  2.7989928312163245e-07
210.0  2.7724400761748156e-07
214.0  2.746637477700302e-07
218.0  2.7215504441373837e-07
222.0  2.697146575847723e-07
226.0  2.6733954898109826e-07
230.0  2.650268661079264e-07
235.0  2.6221972955385314e-07
239.0  2.600379422130958e-07
243.0  2.5791042852349964e-07
248.0  2.553240071540929e-07
253.0  2.5281490486458273e-07
257.0  2.508607525895492e-07
262.0  2.4848150142732447e-07
267.0  2.461696418457586e-07
272.0  2.4392206004156956e-07
277.0  2.417358398983646e-07
282.0  2.396082471395608e-07
287.0  2.37536715006702e-07
293.0  2.3512149026203185e-07
298.0  2.3316500082251204e-07
304.0  2.3088149077455995e-07
309.0  2.2902980674384254e-07
315.0  2.2686649471039892e-07
321.0  2.2476438658047436e-07
327.0  2.2272065923169946e-07
333.0  2.2073266846108168e-07
339.0  2.1879793466737628e-07
346.0  2.1660495830506157e-07
352.0  2.1477781459071157e-07
359.0  2.1270459311445004e-07
365.0  2.109754579638426e-07
372.0  2.0901151244326502e-07
379.0  2.0710250967919429e-07
386.0  2.0524594462178194e-07
393.0  2.0343946916689107e-07
401.0  2.0143343944104315e-07
408.0  1.9972704915323066e-07
416.0  1.978301691073796e-07
423.0  1.962149874789301e-07
431.0  1.944177447465123e-07
439.0  1.926701463862476e-07
447.0  1.9096995833109404e-07
456.0  1.8911131228437495e-07
464.0  1.8750507029759854e-07
473.0  1.857472930455221e-07
482.0  1.8403929964825453e-07
491.0  1.8237879504108818e-07
500.0  1.8076362949410631e-07
509.0  1.7919178699232972e-07
518.0  1.7766137473142094e-07
528.0  1.760073473967121e-07
538.0  1.7439998563055237e-07
548.0  1.728371474160173e-07
558.0  1.7131682579136973e-07
569.0  1.696913351805026e-07
579.0  1.6825430682545792e-07
590.0  1.667162994127829e-07
601.0  1.6522105187678182e-07
612.0  1.6376663076173958e-07
623.0  1.623512227179969e-07
635.0  1.6084963750029572e-07
647.0  1.593903843096087e-07
659.0  1.5797152357372535e-07
671.0  1.565912377711229e-07
684.0  1.5513748374584012e-07
696.0  1.5383220566025387e-07
709.0  1.524560723111599e-07
723.0  1.5101618825851673e-07
736.0  1.4971646865989356e-07
750.0  1.4835511362065182e-07
764.0  1.470317314423645e-07
778.0  1.4574460227924884e-07
792.0  1.4449211326650953e-07
807.0  1.4318688218339785e-07
822.0  1.41917932582021e-07
837.0  1.406836277001606e-07
853.0  1.3940349387953488e-07
869.0  1.3815928594887073e-07
885.0  1.369493686081161e-07
901.0  1.3577220876212186e-07
918.0  1.3455576093997626e-07
935.0  1.333730510468828e-07
953.0  1.3215585873661984e-07
970.0  1.3103793633500065e-07
989.0  1.2982320789668284e-07
1007.0  1.287046915273524e-07
1026.0  1.2755654618298493e-07
1045.0  1.264402879755393e-07
1064.0  1.2535448257999303e-07
1084.0  1.242429505295731e-07
1104.0  1.2316219883639424e-07
1125.0  1.2205902829356523e-07
1146.0  1.2098677584683644e-07
1167.0  1.1994403955327394e-07
1189.0  1.1888187564849803e-07
1211.0  1.1784924658164918e-07
1233.0  1.1684482424393603e-07
1256.0  1.1582355376734595e-07
1280.0  1.147878540320048e-07
1304.0  1.1378136521106839e-07
1328.0  1.1280275639789237e-07
1352.0  1.1185077988046701e-07
1378.0  1.1084816928246722e-07
1403.0  1.0991100142242163e-07
1429.0  1.0896303660803125e-07
1456.0  1.0800611759295346e-07
1483.0  1.0707595247132199e-07
1511.0  1.0613830585139906e-07
1539.0  1.0522687332007405e-07
1567.0  1.0434047316937965e-07
1597.0  1.034172788460322e-07
1626.0  1.0254976217065897e-07
1657.0  1.0164825300040314e-07
1687.0  1.0080010346318997e-07
1719.0  9.992053426530456e-08
1751.0  9.906572763245953e-08
1783.0  9.82345615956705e-08
1817.0  9.737617489556036e-08
1850.0  9.656630105662043e-08
1885.0  9.57312476824281e-08
1920.0  9.49196897289306e-08
1956.0  9.41083378592539e-08
1992.0  9.331963588363552e-08
2029.0  9.253156005806154e-08
2067.0  9.174488702009034e-08
2105.0  9.09801785216354e-08
2145.0  9.019787003709884e-08
2184.0  8.945647448528691e-08
2225.0  8.869875990479218e-08
2266.0  8.79622880444227e-08
2309.0  8.721167156535068e-08
2352.0  8.648233936895853e-08
2395.0  8.577332484147647e-08
2440.0  8.505210498893027e-08
2485.0  8.4351170359124e-08
2532.0  8.363975215427899e-08
2579.0  8.294849205438382e-08
2627.0  8.22623813074809e-08
2676.0  8.158173408422133e-08
2725.0  8.092014534680154e-08
2776.0  8.025087701674208e-08
2828.0  7.958785878807456e-08
2880.0  7.894351260130821e-08
2934.0  7.829324801381315e-08
2989.0  7.764979968583985e-08
3044.0  7.70245162092683e-08
3101.0  7.639479045394332e-08
3159.0  7.577226229133707e-08
3217.0  7.51673014726615e-08
3277.0  7.455912682043069e-08
3338.0  7.395837866256214e-08
3400.0  7.336510167440921e-08
3464.0  7.277016440912521e-08
3528.0  7.219217302367295e-08
3594.0  7.16130569212664e-08
3661.0  7.104195581664437e-08
3729.0  7.04788375925709e-08
3798.0  6.992366253885837e-08
3869.0  6.93686785431454e-08
3941.0  6.882197523778026e-08
4014.0  6.8283473159371e-08
4089.0  6.774602481352488e-08
4165.0  6.721700773837455e-08
4243.0  6.668964742183473e-08
4322.0  6.617087559399522e-08
4402.0  6.566055951556146e-08
4484.0  6.515245823180222e-08
4567.0  6.465289332013396e-08
4652.0  6.415595147089554e-08
4739.0  6.36619774466772e-08
4827.0  6.317672254135344e-08
4917.0  6.269472944976857e-08
5008.0  6.222140232684721e-08
5102.0  6.174659594590581e-08
5197.0  6.128065360487986e-08
5293.0  6.082336569205071e-08
5392.0  6.036540934452843e-08
5492.0  5.991622632934014e-08
5594.0  5.9471296723718415e-08
5698.0  5.9030776805174686e-08
5804.0  5.859480611049706e-08
5913.0  5.815957382339531e-08
6023.0  5.773317228429862e-08
6135.0  5.7311644103764365e-08
6249.0  5.689507102631005e-08
6365.0  5.648352247856174e-08
6484.0  5.607366259837041e-08
6604.0  5.567242470872957e-08
6727.0  5.5273151915128884e-08
6852.0  5.487925704403511e-08
6980.0  5.448773698754094e-08
7110.0  5.410178479759362e-08
7242.0  5.3721388039130004e-08
7377.0  5.334377202600941e-08
7514.0  5.297182961278116e-08
7654.0  5.2602927269362656e-08
7796.0  5.2239771468320863e-08
7941.0  5.187986349750748e-08
8089.0  5.1523362518664214e-08
8240.0  5.117041192243799e-08
8393.0  5.082337440899342e-08
8549.0  5.04799973278222e-08
8708.0  5.014038725199556e-08
8870.0  4.980463807957465e-08
9036.0  4.947085111237788e-08
9204.0  4.9143117348748306e-08
9375.0  4.881945571692298e-08
9549.0  4.8499916647854695e-08
9727.0  4.8182786446577104e-08
9908.0  4.786995738782213e-08
10093.0  4.755979805260457e-08
10280.0  4.725567297596812e-08
10472.0  4.6952778156293804e-08
10667.0  4.665440707011321e-08
10865.0  4.6360544923165646e-08
11067.0  4.606975414458851e-08
11273.0  4.578213819482139e-08
11483.0  4.5497788725620323e-08
11697.0  4.5216786251606166e-08
11915.0  4.4939200805286426e-08
12136.0  4.4666308513799204e-08
12362.0  4.439569154564221e-08
12592.0  4.4128646179602025e-08
12826.0  4.3865206651662094e-08
13065.0  4.3604324820617135e-08
13308.0  4.334716064924663e-08
13556.0  4.309271406920028e-08
13808.0  4.2842061192080355e-08
14065.0  4.259424847781547e-08
14327.0  4.2349353941008395e-08
14594.0  4.210744577001341e-08
14865.0  4.186944752496788e-08
15142.0  4.163365363001193e-08
15424.0  4.1400998274846866e-08
15711.0  4.117151600213879e-08
16003.0  4.094523427180378e-08
16301.0  4.072143460947172e-08
16604.0  4.050091674085128e-08
16913.0  4.02829932955352e-08
17228.0  4.006773048661402e-08
17549.0  3.985518579481497e-08
17875.0  3.9646039979929544e-08
18208.0  3.943905197356007e-08
18547.0  3.9234907945370555e-08
18892.0  3.9033635563372085e-08
19244.0  3.883469997400762e-08
19602.0  3.8638707822542805e-08
19966.0  3.844566766175672e-08
20338.0  3.8254571897976844e-08
20716.0  3.8066494142847776e-08
21102.0  3.788047759236421e-08
21495.0  3.769705911842664e-08
21895.0  3.751626378872998e-08
22302.0  3.733811087849985e-08
22717.0  3.716219713516155e-08
23140.0  3.698857104444348e-08
23571.0  3.6817274013004576e-08
24009.0  3.664871947688488e-08
24456.0  3.6482166634984696e-08
24911.0  3.6318029363246745e-08
25375.0  3.615598142176785e-08
25847.0  3.599640075341448e-08
26328.0  3.5838972031042313e-08
26818.0  3.568372857970066e-08
27317.0  3.553069784465254e-08
27826.0  3.53796097503649e-08
28343.0  3.523107458968315e-08
28871.0  3.508425563003492e-08
29408.0  3.49397429042274e-08
29955.0  3.479728213682151e-08
30513.0  3.465664841106948e-08
31081.0  3.451812371009975e-08
31659.0  3.43817206493764e-08
32248.0  3.4247222940770755e-08
32849.0  3.4114439475170265e-08
33460.0  3.39838331184603e-08
34083.0  3.385499229684599e-08
34717.0  3.3728145751957105e-08
35363.0  3.3603110493720604e-08
36021.0  3.347990880291479e-08
36691.0  3.3358558316870346e-08
37374.0  3.3238900047813764e-08
38070.0  3.312096023997249e-08
38778.0  3.3004921524769927e-08
39500.0  3.2890473216438194e-08
40235.0  3.277779479024338e-08
40984.0  3.266674941198666e-08
41747.0  3.2557356888404636e-08
42523.0  3.244976913185482e-08
43315.0  3.2343588776305136e-08
44121.0  3.223910535873174e-08
44942.0  3.213619982136632e-08
45778.0  3.2034885504872236e-08
46630.0  3.193505688354505e-08
47498.0  3.183673173340188e-08
48382.0  3.173992395215236e-08
49282.0  3.16446438358566e-08
50200.0  3.1550697103466446e-08
51134.0  3.145830228800868e-08
52085.0  3.136736573483518e-08
53055.0  3.127771288896171e-08
54042.0  3.118954182057976e-08
55048.0  3.110268355881471e-08
56072.0  3.101723547221701e-08
57116.0  3.093304262147351e-08
58179.0  3.0850198566218263e-08
59262.0  3.0768634983555016e-08
60364.0  3.068843386666197e-08
61488.0  3.0609388022066443e-08
62632.0  3.053164991491006e-08
63798.0  3.045509228702649e-08
64985.0  3.037979004047859e-08
66194.0  3.0305686098057946e-08
67426.0  3.023272914392335e-08
68681.0  3.0160929374085346e-08
69959.0  3.009029417806316e-08
71261.0  3.002077587049451e-08
72587.0  2.9952382200103624e-08
73938.0  2.988506938128397e-08
75314.0  2.9818845232338104e-08
76716.0  2.9753669365915338e-08
78144.0  2.9689549435273395e-08
79598.0  2.962649063834298e-08
81079.0  2.956445474068439e-08
82588.0  2.9503407050118907e-08
84125.0  2.9443354510455116e-08
85691.0  2.9384264678945812e-08
87285.0  2.9326179689958782e-08
88910.0  2.9268996223552685e-08
90564.0  2.921279037998322e-08
92250.0  2.91574654840911e-08
93966.0  2.9103092127456775e-08
95715.0  2.9049579751391185e-08
97496.0  2.8996964693301242e-08
99311.0  2.894519306416047e-08
101159.0  2.889429812345819e-08
103042.0  2.8844228992715414e-08
104959.0  2.879501601511115e-08
106913.0  2.8746586733588875e-08
108902.0  2.8698994775771863e-08
110929.0  2.8652171818702305e-08
112993.0  2.8606145138940255e-08
115096.0  2.8560873691603135e-08
117238.0  2.851636160198218e-08
119420.0  2.8472591580969193e-08
121642.0  2.8429566531170614e-08
123906.0  2.8387251046985158e-08
126212.0  2.834564882541505e-08
128561.0  2.8304744859914322e-08
130954.0  2.826452505831365e-08
133391.0  2.822499209605748e-08
135873.0  2.8186131798772094e-08
138402.0  2.8147915943398437e-08
140977.0  2.8110362085298456e-08
143601.0  2.8073429021466654e-08
146273.0  2.803713349248796e-08
148996.0  2.80014374377756e-08
151768.0  2.7966369125731617e-08
154593.0  2.7931879998714505e-08
157470.0  2.7897984983408763e-08
160400.0  2.786467369856225e-08
163385.0  2.7831925392801477e-08
166426.0  2.779973159396066e-08
169523.0  2.7768094120998585e-08
172678.0  2.7736994248384898e-08
175892.0  2.7706424230563777e-08
179165.0  2.7676385517975318e-08
182499.0  2.7646861058398625e-08
185896.0  2.7617835230814043e-08
189355.0  2.758931801410798e-08
192879.0  2.7561285905402788e-08
196469.0  2.7533732837011883e-08
200125.0  2.750666004498352e-08
203849.0  2.748005372980975e-08
207643.0  2.745390115156897e-08
211507.0  2.7428203600930374e-08
215443.0  2.7402948802490532e-08
219453.0  2.7378125375887366e-08
223537.0  2.7353734488346194e-08
227697.0  2.7329765075864167e-08
231935.0  2.7306206834530274e-08
236251.0  2.7283060687537827e-08
240648.0  2.7260311456232864e-08
245126.0  2.7237960036010196e-08
249688.0  2.721599230368306e-08
254335.0  2.7194404504342622e-08
259068.0  2.7173192727738593e-08
263889.0  2.7152348672750163e-08
268800.0  2.713186450407813e-08
273803.0  2.711173280994027e-08
278898.0  2.7091954188858748e-08
284088.0  2.7072517476842272e-08
289375.0  2.7053415950268642e-08
294761.0  2.7034643197195344e-08
300246.0  2.701619969350477e-08
305834.0  2.6998072493916056e-08
311525.0  2.698026212797755e-08
317323.0  2.696275660350925e-08
323228.0  2.6945556441544937e-08
329244.0  2.6928650482852184e-08
335371.0  2.6912039191072374e-08
341612.0  2.6895714705710198e-08
347970.0  2.6879669687788934e-08
354446.0  2.6863902055872927e-08
361042.0  2.6848407179032484e-08
367761.0  2.6833178302186333e-08
374605.0  2.681821122323632e-08
381576.0  2.680350180611053e-08
388678.0  2.6789041973477548e-08
395911.0  2.677483198071069e-08
403279.0  2.6760864109614206e-08
410784.0  2.674713479974787e-08
418429.0  2.673363876602174e-08
426216.0  2.6720372646600418e-08
434148.0  2.6707331456792893e-08
442227.0  2.6694511987656995e-08
450457.0  2.6681908000135268e-08
458840.0  2.6669516557916542e-08
467380.0  2.6657331878814634e-08
476078.0  2.6645352589087735e-08
484937.0  2.663357445613817e-08
493962.0  2.6621990860813394e-08
503155.0  2.6610599307321285e-08
512519.0  2.6599396047563007e-08
522057.0  2.6588377423669317e-08
531772.0  2.657753985832506e-08
541669.0  2.6566877728539883e-08
551749.0  2.655638985461349e-08
562017.0  2.6546070867930128e-08
572477.0  2.6535916672889538e-08
583131.0  2.652592517645719e-08
593983.0  2.651609239769422e-08
605037.0  2.6506414496948148e-08
616297.0  2.649688776121356e-08
627766.0  2.648750939460652e-08
639449.0  2.6478275040617598e-08
651349.0  2.6469182044062577e-08
663471.0  2.646022627633981e-08
675818.0  2.6451405184645142e-08
688395.0  2.644271482552739e-08
701206.0  2.643415205934532e-08
714256.0  2.6425713155556048e-08
727548.0  2.641739573540883e-08
741088.0  2.64091955815049e-08
754880.0  2.640110980917427e-08
768928.0  2.6393135547143596e-08
783238.0  2.638526885140002e-08
797814.0  2.637750696699397e-08
812662.0  2.6369846117675724e-08
827786.0  2.6362283628643656e-08
843191.0  2.6354816330211352e-08
858883.0  2.634744062826518e-08
874867.0  2.6340153464513377e-08
891148.0  2.6332951802266967e-08
907733.0  2.632583177467575e-08
924626.0  2.6318790855610656e-08
941833.0  2.6311825673632043e-08
959361.0  2.6304932513142162e-08
977215.0  2.6298108490494452e-08
995401.0  2.6291350338381595e-08
1013925.0  2.628465480921103e-08
1032795.0  2.6278017974306478e-08
1052015.0  2.6271437336102334e-08
1071593.0  2.6264909006706845e-08
1091536.0  2.6258429481371418e-08
1111850.0  2.625199558619991e-08
1132541.0  2.62456041268634e-08
1153618.0  2.623925099119593e-08
1175087.0  2.6232932995170442e-08
1196956.0  2.622664634916381e-08
1219231.0  2.6220387829890347e-08
1241921.0  2.621415335238029e-08
1265034.0  2.6207939118172332e-08
1288576.0  2.620174183791499e-08
1312557.0  2.6195557140179102e-08
1336984.0  2.618938142160888e-08
1361865.0  2.6183210782273918e-08
1387210.0  2.6177040803241754e-08
1413026.0  2.6170867768234263e-08
1439323.0  2.616468719573947e-08
1466109.0  2.615849503927354e-08
1493393.0  2.6152286965760576e-08
1521186.0  2.6146058145435097e-08
1549495.0  2.613980459313862e-08
1578331.0  2.6133521368764175e-08
1607704.0  2.6127203698917012e-08
1637624.0  2.612084674420807e-08
1668101.0  2.6114445592714816e-08
1699144.0  2.610799546050651e-08
1730766.0  2.610149065219066e-08
1762975.0  2.6094926419609997e-08
1795785.0  2.6088296696411752e-08
1829205.0  2.608159633850465e-08
1863246.0  2.6074819690636306e-08
1897922.0  2.6067960398168092e-08
1933242.0  2.6061012986504983e-08
1969220.0  2.6053970875995078e-08
2005868.0  2.604682776034267e-08
2043197.0  2.60395773975143e-08
2081222.0  2.603221263417291e-08
2119953.0  2.602472714629175e-08
2159406.0  2.6017113302677152e-08
2199593.0  2.60093640931864e-08
2240528.0  2.6001471962612982e-08
2282224.0  2.599342938360051e-08
2324697.0  2.598522807839499e-08
2367960.0  2.5976860169668584e-08
2412028.0  2.5968317209088203e-08
2456916.0  2.5959590556128042e-08
2502640.0  2.595067117614694e-08
2549215.0  2.5941550022642227e-08
2596656.0  2.5932217837828323e-08
2644980.0  2.5922664750741992e-08
2694204.0  2.59128806594812e-08
2744343.0  2.590285562553184e-08
2795416.0  2.589257866927217e-08
2847439.0  2.588203916064078e-08
2900430.0  2.5871225810213675e-08
2954408.0  2.5860126855296543e-08
3009390.0  2.58487306701053e-08
3065395.0  2.5837024937830233e-08
3122443.0  2.582499683977902e-08
3180552.0  2.581263368161416e-08
3239743.0  2.5799921829336438e-08
3300035.0  2.578684776363512e-08
3361449.0  2.5773397216240533e-08
3424006.0  2.5759555588827888e-08
3487727.0  2.5745307948990596e-08
3552635.0  2.573063857241472e-08
3618750.0  2.571553206371762e-08
3686095.0  2.5699971997840975e-08
3754694.0  2.5683941349531165e-08
3824570.0  2.566742295324196e-08
3895746.0  2.5650399274865764e-08
3968246.0  2.5632852168110974e-08
4042096.0  2.561476261408024e-08
4117320.0  2.5596111689935347e-08
4193944.0  2.5576879590434178e-08
4271994.0  2.5557046111035292e-08
4351497.0  2.553659039212259e-08
4432479.0  2.551549143135833e-08
4514968.0  2.5493727308901814e-08
4598992.0  2.547127569834506e-08
4684580.0  2.5448113601707354e-08
4771761.0  2.5424217616661475e-08
4860564.0  2.5399563946498132e-08
4951020.0  2.537412784579836e-08
5043159.0  2.534788445732257e-08
5137014.0  2.532080768348078e-08
5232614.0  2.5292872205604082e-08
5329994.0  2.5264050598514506e-08
5429186.0  2.5234315952419044e-08
5530224.0  2.5203640424345662e-08
5633143.0  2.517199553344363e-08
5737976.0  2.5139353107914394e-08
5844761.0  2.5105683132342477e-08
5953533.0  2.5070956250408713e-08
6064329.0  2.5035142232119745e-08
6177188.0  2.4998209970813647e-08
6292146.0  2.4960129148913016e-08
6409244.0  2.4920867642526744e-08
6528521.0  2.48803938557389e-08
6650018.0  2.483867542832968e-08
6773776.0  2.479567994645806e-08
6899837.0  2.4751374644874828e-08
7028244.0  2.4705726445948452e-08
7159041.0  2.4658702002385986e-08
7292272.0  2.4610268109313595e-08
7427982.0  2.456039140518867e-08
7566219.0  2.450903767921844e-08
7707027.0  2.445617453223562e-08
7850456.0  2.440176772451866e-08
7996555.0  2.4345783841193832e-08
8145372.0  2.4288190402251513e-08
8296959.0  2.4228954012358307e-08
8451366.0  2.4168042762310828e-08
8608648.0  2.4105423568597483e-08
8768856.0  2.4041065820920977e-08
8932046.0  2.3974937900639897e-08
9098273.0  2.3907009669506008e-08
9267593.0  2.3837251777065466e-08
9440065.0  2.376563493077161e-08
9615746.0  2.3692132071905696e-08
9794697.0  2.3616715995698705e-08
9976978.0  2.353936154972504e-08
10162651.0  2.3460044494596584e-08
10351780.0  2.3378741609649787e-08
10544428.0  2.3295432103610122e-08
10740662.0  2.3210095583137534e-08
10940547.0  2.3122714772642996e-08
11144153.0  2.303327259162866e-08
11351547.0  2.2941755778474626e-08
11562801.0  2.284815150373252e-08
11777987.0  2.2752449688832056e-08
11997177.0  2.2654643140633236e-08
12220447.0  2.2554725888672065e-08
12447871.0  2.2452695983340405e-08
12679528.0  2.2348552479288845e-08
12915497.0  2.2242297786140086e-08
13155856.0  2.2133938234769808e-08
13400689.0  2.2023481026068586e-08
13650078.0  2.191093793499903e-08
13904108.0  2.17963231496995e-08
14162866.0  2.1679653809130114e-08
14426440.0  2.1560950534514256e-08
14694918.0  2.144023794938486e-08
14968393.0  2.1317542494322878e-08
15246957.0  2.1192895181203005e-08
15530706.0  2.1066329396506658e-08
15819735.0  2.0937883173577735e-08
16114143.0  2.080759698777505e-08
16414030.0  2.0675515112684922e-08
16719498.0  2.0541685181814297e-08
17030650.0  2.0406158621053535e-08
17347594.0  2.026898889668174e-08
17670435.0  2.01302349626679e-08
17999285.0  1.9989956899305658e-08
18334255.0  1.9848219321707776e-08
18675458.0  1.9705090019904254e-08
19023012.0  1.956063865023048e-08
19377033.0  1.9414939586134963e-08
19737643.0  1.9268068508214265e-08
20104964.0  1.9120104799223346e-08
20479121.0  1.8971130208479045e-08
20860241.0  1.8821229154209105e-08
21248454.0  1.86704882185356e-08
21643891.0  1.851899680820433e-08
22046687.0  1.836684587088506e-08
22456980.0  1.8214128181750696e-08
22874908.0  1.8060939322608263e-08
23300614.0  1.790737569084428e-08
23734243.0  1.775353549580863e-08
24175941.0  1.7599518957098963e-08
24625859.0  1.744542676719327e-08
25084151.0  1.7291360703055906e-08
25550971.0  1.7137424492250083e-08
26026479.0  1.698372168442906e-08
26510836.0  1.6830357208741364e-08
27004207.0  1.667743628561426e-08
27506760.0  1.6525064663672216e-08
28018666.0  1.637334853044901e-08
28540098.0  1.622239471682155e-08
29071234.0  1.6072309751880365e-08
29612254.0  1.592320068512265e-08
30163343.0  1.5775174203093827e-08
30724688.0  1.562833743183551e-08
31296480.0  1.5482797369850126e-08
31878913.0  1.533866115025933e-08
32472185.0  1.5196035800609788e-08
33076498.0  1.5055028289479294e-08
33692057.0  1.491574581127527e-08
34319072.0  1.4778295397893869e-08
34957756.0  1.46427844668467e-08
35608326.0  1.4509320698159261e-08
36271003.0  1.4378012167398615e-08
36946012.0  1.4248967499097488e-08
37633584.0  1.4122295680286909e-08
38333951.0  1.39981071970407e-08
39047352.0  1.3876513151547083e-08
39774030.0  1.3757626094630203e-08
40514232.0  1.3641560302609678e-08
41268208.0  1.3528432231441513e-08
42036217.0  1.3418359983897502e-08
42818518.0  1.3311465052976991e-08
43615378.0  1.3207871590070491e-08
44427067.0  1.3107707595905487e-08
45253863.0  1.3011104824151118e-08
46096045.0  1.2918200217533812e-08
46953900.0  1.2829135718837742e-08
47827720.0  1.2744059358996845e-08
48717802.0  1.2663126035157172e-08
49624449.0  1.25864982855833e-08
50547968.0  1.2514347415098235e-08
51488675.0  1.2446854161804717e-08
52446887.0  1.238421047364425e-08
53422933.0  1.2326620042206758e-08
54417143.0  1.2274300485038316e-08
55429855.0  1.2227484490138584e-08
56461414.0  1.218642170123152e-08
57512171.0  1.2151380768548796e-08
58582482.0  1.2122651592552051e-08
59672712.0  1.2100547706685141e-08
60783231.0  1.2085409201948952e-08
61914418.0  1.2077605807266448e-08
