1.0  4.062796469838066e-06
2.0  2.874339516363375e-06
3.0  2.348119493409139e-06
4.0  2.0345967426809537e-06
5.0  1.8207512612457259e-06
6.0  1.6629800525946962e-06
7.0  1.5404246208337073e-06
8.0  1.441687216537544e-06
9.0  1.359944296161082e-06
10.0  1.2908282826649385e-06
11.0  1.2313967202329226e-06
12.0  1.179585268358177e-06
13.0  1.133897194473679e-06
14.0  1.0932173086349186e-06
15.0  1.0566953938233587e-06
16.0  1.0236704024379453e-06
17.0  9.936195756977464e-07
18.0  9.66123347194367e-07
19.0  9.408405522728186e-07
20.0  9.174905478135987e-07
21.0  8.958400755947129e-07
22.0  8.75693450337261e-07
23.0  8.568851217338928e-07
24.0  8.392739602341594e-07
25.0  8.227388135532974e-07
26.0  8.071750129190653e-07
27.0  7.924915981288304e-07
28.0  7.786090929424612e-07
29.0  7.654577063133607e-07
30.0  7.529758663641769e-07
31.0  7.411090167321408e-07
32.0  7.298086215418399e-07
33.0  7.190313375769325e-07
34.0  7.087383214331624e-07
35.0  6.98894646391894e-07
36.0  6.894688090551847e-07
37.0  6.804323098586449e-07
38.0  6.71759294735408e-07
39.0  6.634262476686927e-07
40.0  6.554117258078992e-07
41.0  6.476961303556386e-07
42.0  6.402615076541372e-07
43.0  6.330913758772012e-07
44.0  6.261705735217089e-07
45.0  6.194851265308571e-07
46.0  6.130221314007462e-07
47.0  6.067696520470951e-07
48.0  6.007166285580606e-07
49.0  5.948527962476695e-07
50.0  5.891686136634228e-07
51.0  5.836551984006948e-07
52.0  5.783042697429438e-07
53.0  5.731080972862008e-07
54.0  5.680594548238761e-07
55.0  5.631515788670192e-07
56.0  5.583781312593533e-07
57.0  5.537331654178615e-07
58.0  5.492110957906256e-07
59.0  5.44806670175835e-07
60.0  5.405149445904937e-07
61.0  5.363312604159817e-07
62.0  5.322512235805604e-07
63.0  5.282706855678304e-07
64.0  5.243857260647928e-07
65.0  5.2059263708489e-07
66.0  5.1688790842007e-07
67.0  5.132682142924775e-07
69.0  5.062714760868986e-07
70.0  5.028885970466414e-07
71.0  4.995790626439973e-07
72.0  4.963403036141998e-07
73.0  4.93169874574821e-07
74.0  4.900654464574849e-07
75.0  4.870247994969514e-07
77.0  4.811264779582326e-07
78.0  4.782648541441636e-07
79.0  4.7545910219125985e-07
81.0  4.700082423930274e-07
82.0  4.6735983599402213e-07
83.0  4.6476069618923015e-07
85.0  4.5970435771384194e-07
86.0  4.5724437969913315e-07
87.0  4.5482810335379005e-07
89.0  4.50121691708956e-07
90.0  4.4782919585233924e-07
92.0  4.433600618625596e-07
93.0  4.411813252801048e-07
95.0  4.3693055880648923e-07
96.0  4.3485665635261083e-07
98.0  4.308073841786678e-07
99.0  4.288303374929915e-07
101.0  4.249674499791579e-07
103.0  4.2122119040501117e-07
104.0  4.193900235607724e-07
106.0  4.158082770319626e-07
108.0  4.123297827808731e-07
109.0  4.1062775761465066e-07
111.0  4.0729532239872236e-07
113.0  4.040548082461515e-07
115.0  4.009021659055198e-07
117.0  3.9783359031096994e-07
119.0  3.948455019995481e-07
121.0  3.919345302270505e-07
122.0  3.905069629468671e-07
124.0  3.8770576493228645e-07
127.0  3.836334241718154e-07
129.0  3.810008752624076e-07
131.0  3.7843122689686954e-07
133.0  3.759220809712369e-07
135.0  3.7347116472108196e-07
137.0  3.710763224382671e-07
139.0  3.687355078465617e-07
142.0  3.6532136205784373e-07
144.0  3.631073204378119e-07
146.0  3.6094090964259e-07
149.0  3.577770493854462e-07
151.0  3.5572273648964474e-07
154.0  3.527200328242613e-07
156.0  3.5076874577705575e-07
159.0  3.4791435814664907e-07
161.0  3.4605801408190884e-07
164.0  3.43340480877474e-07
166.0  3.415718519141823e-07
169.0  3.3898090614288036e-07
172.0  3.364614228139268e-07
175.0  3.3401028368394976e-07
178.0  3.316245562862171e-07
180.0  3.300690412434623e-07
183.0  3.2778627769505284e-07
186.0  3.2556191200180515e-07
189.0  3.2339358263359913e-07
192.0  3.2127905852267666e-07
196.0  3.1853976013904424e-07
199.0  3.165427714767789e-07
202.0  3.1459298216698257e-07
205.0  3.126886306054708e-07
209.0  3.1021729891222344e-07
212.0  3.084126120664584e-07
215.0  3.0664810825441686e-07
219.0  3.04355513514663e-07
223.0  3.0212869318750556e-07
226.0  3.00499952895997e-07
230.0  2.983812175235286e-07
234.0  2.963205366603699e-07
237.0  2.9481161696170566e-07
241.0  2.9284661295750957e-07
245.0  2.909331436834614e-07
249.0  2.890690894066619e-07
253.0  2.872524491574452e-07
257.0  2.8548133234101636e-07
261.0  2.8375395106087596e-07
266.0  2.81653658127699e-07
270.0  2.800186299066151e-07
274.0  2.7842215463706894e-07
279.0  2.7647861424318686e-07
283.0  2.7496378787957886e-07
288.0  2.731181808904796e-07
293.0  2.713236453090013e-07
297.0  2.699233032906219e-07
302.0  2.6821523126505695e-07
307.0  2.6655238059735703e-07
312.0  2.649328861455689e-07
317.0  2.633549872726343e-07
322.0  2.618170204728183e-07
328.0  2.600219616849871e-07
333.0  2.585664261961386e-07
338.0  2.5714607719803324e-07
344.0  2.554862465464856e-07
350.0  2.5387302427898385e-07
355.0  2.525628084554454e-07
361.0  2.5102985148817736e-07
367.0  2.495380582325237e-07
373.0  2.4808571624536423e-07
379.0  2.4667120962023534e-07
385.0  2.452930121421342e-07
391.0  2.4394968102481607e-07
398.0  2.424247114855538e-07
404.0  2.411523374672648e-07
411.0  2.397067289316727e-07
417.0  2.384996054205402e-07
424.0  2.3712706992618144e-07
431.0  2.3579151364916156e-07
438.0  2.3449140059691156e-07
445.0  2.3322528103589266e-07
453.0  2.3181815852237552e-07
460.0  2.3062036582930993e-07
467.0  2.2945250696692783e-07
475.0  2.2815299009104647e-07
483.0  2.26889444233268e-07
491.0  2.2566034014959657e-07
499.0  2.2446423631327032e-07
507.0  2.232997726002228e-07
515.0  2.2216566451941302e-07
523.0  2.2106069793339728e-07
532.0  2.1985101595389222e-07
540.0  2.1880423714988274e-07
549.0  2.176573411282325e-07
558.0  2.1654165814852398e-07
567.0  2.1545588866592318e-07
576.0  2.143988059964404e-07
586.0  2.1325650728127738e-07
595.0  2.1225625627714944e-07
605.0  2.111744762877347e-07
615.0  2.1012257557475535e-07
625.0  2.0909929531765694e-07
635.0  2.081034479909147e-07
645.0  2.0713391230577342e-07
656.0  2.0609655000268896e-07
667.0  2.0508841325055497e-07
677.0  2.041962307372775e-07
688.0  2.0324047020701805e-07
700.0  2.0222718380739358e-07
711.0  2.01324116847744e-07
723.0  2.0036587309000416e-07
734.0  1.9951114980011754e-07
746.0  1.9860347162990694e-07
758.0  1.9772056157199785e-07
771.0  1.967908379359331e-07
783.0  1.9595630066651258e-07
796.0  1.9507677465254303e-07
809.0  1.9422172231966042e-07
822.0  1.9339011243123728e-07
835.0  1.9258097191249162e-07
849.0  1.917336652823897e-07
863.0  1.909102699975293e-07
877.0  1.9010976602175517e-07
891.0  1.8933119149386422e-07
906.0  1.8852030910846077e-07
920.0  1.8778432896060443e-07
935.0  1.8701717212384482e-07
951.0  1.8622223271572236e-07
966.0  1.8549794496536778e-07
982.0  1.8474677856962163e-07
998.0  1.840167772921517e-07
1014.0  1.833070425660131e-07
1030.0  1.8261672671971104e-07
1047.0  1.8190364900089726e-07
1064.0  1.8121068467137307e-07
1082.0  1.8049793270913508e-07
1099.0  1.7984374386452463e-07
1117.0  1.7917029617465925e-07
1135.0  1.785157879818316e-07
1154.0  1.7784458142379812e-07
1172.0  1.7722654027158947e-07
1191.0  1.7659219301567547e-07
1211.0  1.7594361157009849e-07
1231.0  1.7531382131306813e-07
1251.0  1.7470200562112462e-07
1271.0  1.7410739506399314e-07
1292.0  1.7350077759428268e-07
1313.0  1.7291153735989045e-07
1334.0  1.7233892841581003e-07
1356.0  1.7175612458958193e-07
1378.0  1.7119003980052877e-07
1400.0  1.7063995591881742e-07
1423.0  1.7008124210662533e-07
1446.0  1.6953854773699637e-07
1469.0  1.6901118561516772e-07
1493.0  1.684765408525642e-07
1518.0  1.6793587358546046e-07
1542.0  1.6743176091765256e-07
1567.0  1.6692152067242136e-07
1593.0  1.6640627933123961e-07
1619.0  1.6590606294514998e-07
1645.0  1.654202172324235e-07
1672.0  1.6493023498465567e-07
1699.0  1.6445443503456206e-07
1727.0  1.6397533802791672e-07
1755.0  1.6351019113794722e-07
1783.0  1.6305838842637667e-07
1812.0  1.6260390856615383e-07
1842.0  1.6214753970701586e-07
1872.0  1.617045713383259e-07
1902.0  1.6127441701592234e-07
1933.0  1.6084279950772692e-07
1965.0  1.6041038346905326e-07
1997.0  1.5999071240141387e-07
2029.0  1.5958322688743005e-07
2062.0  1.5917521275714334e-07
2096.0  1.587672278112979e-07
2130.0  1.5837126651283212e-07
2164.0  1.5798680151513703e-07
2200.0  1.5759169988750772e-07
2235.0  1.5721886873171965e-07
2272.0  1.5683630518768928e-07
2309.0  1.5646511133872194e-07
2346.0  1.5610478475805197e-07
2384.0  1.5574553473050191e-07
2423.0  1.5538772498208e-07
2463.0  1.5503169469148219e-07
2503.0  1.5468626313526604e-07
2543.0  1.543509615141671e-07
2585.0  1.540093145045314e-07
2627.0  1.5367786839047184e-07
2669.0  1.5335617081705293e-07
2713.0  1.5302914651510558e-07
2757.0  1.527118932897107e-07
2802.0  1.5239708490044962e-07
2847.0  1.5209160726862746e-07
2894.0  1.5178207035308258e-07
2941.0  1.5148182432741874e-07
2989.0  1.5118434959658662e-07
3037.0  1.5089571915857612e-07
3087.0  1.5060404680009234e-07
3137.0  1.5032113308774313e-07
3188.0  1.500411797979875e-07
3240.0  1.497642981777676e-07
3292.0  1.49495674960996e-07
3346.0  1.4922506966924767e-07
3400.0  1.4896259166860316e-07
3456.0  1.4869858989337112e-07
3512.0  1.484425600095756e-07
3569.0  1.4818977635905103e-07
3627.0  1.4794029100344023e-07
3686.0  1.4769414784153936e-07
3746.0  1.4745138310097387e-07
3807.0  1.47212025815195e-07
3869.0  1.469760982848203e-07
3932.0  1.4674361652261236e-07
3996.0  1.4651459068151086e-07
4061.0  1.4628902546541075e-07
4127.0  1.4606692052238632e-07
4194.0  1.4584827082037271e-07
4262.0  1.4563306700528845e-07
4331.0  1.4542129574174654e-07
4402.0  1.4521000940425933e-07
4474.0  1.4500229608958594e-07
4546.0  1.4480087839132396e-07
4620.0  1.44600129129708e-07
4695.0  1.4440285276758331e-07
4772.0  1.442064995703167e-07
4849.0  1.4401612728698323e-07
4928.0  1.438267436659748e-07
5008.0  1.4364080923366614e-07
5090.0  1.434560538978383e-07
5173.0  1.432747792277745e-07
5257.0  1.4309692572835206e-07
5342.0  1.4292243380673678e-07
5429.0  1.427492840155412e-07
5517.0  1.4257949563740565e-07
5607.0  1.424111615612479e-07
5698.0  1.4224617076795072e-07
5791.0  1.4208272275722523e-07
5885.0  1.4192258451308086e-07
5981.0  1.417640565876909e-07
6078.0  1.4160879189804997e-07
6177.0  1.414551866721215e-07
6278.0  1.4130330670168196e-07
6380.0  1.4115464534943524e-07
6484.0  1.4100773098700367e-07
6589.0  1.4086396073652193e-07
6696.0  1.4072194658707485e-07
6805.0  1.4058172940816893e-07
6916.0  1.4044334457179934e-07
7028.0  1.4030801175084595e-07
7143.0  1.4017334041778278e-07
7259.0  1.400416958864241e-07
7377.0  1.399119083221711e-07
7497.0  1.3978399329464764e-07
7619.0  1.3965796256359644e-07
7743.0  1.395338243368177e-07
7869.0  1.3941158351811542e-07
7997.0  1.3929124194496208e-07
8127.0  1.3917279861579092e-07
8259.0  1.3905624990686918e-07
8393.0  1.3894158977877434e-07
8530.0  1.3882799369423808e-07
8668.0  1.3871710907147307e-07
8809.0  1.386073149160289e-07
8953.0  1.3849866856650645e-07
9098.0  1.3839266075314943e-07
9246.0  1.3828780865142193e-07
9397.0  1.381841569383213e-07
9549.0  1.3808305467465162e-07
9705.0  1.3798251147908017e-07
9863.0  1.3788385002095287e-07
10023.0  1.3778704094495626e-07
10186.0  1.3769147740414628e-07
10352.0  1.3759718306896152e-07
10520.0  1.3750471975380943e-07
10691.0  1.3741352869618196e-07
10865.0  1.3732362499376476e-07
11042.0  1.3723502076360355e-07
11221.0  1.3714820272627484e-07
11404.0  1.3706220792929167e-07
11589.0  1.3697798155652638e-07
11778.0  1.3689461545055656e-07
11970.0  1.3681257214772845e-07
12164.0  1.3673225718313738e-07
12362.0  1.366528391689826e-07
12563.0  1.3657473337370734e-07
12768.0  1.3649756242932858e-07
12975.0  1.3642207073709725e-07
13186.0  1.3634751863257844e-07
13401.0  1.3627392808931727e-07
13619.0  1.362016443943569e-07
13840.0  1.3613065300567698e-07
14065.0  1.3606063232326746e-07
14294.0  1.3599159506231958e-07
14527.0  1.3592355155619805e-07
14763.0  1.358567883333726e-07
15003.0  1.357910155523741e-07
15247.0  1.3572623811211058e-07
15495.0  1.3566245909103742e-07
15747.0  1.3559967987851703e-07
16003.0  1.355379003004841e-07
16263.0  1.3547711873934048e-07
16528.0  1.3541710936575288e-07
16797.0  1.353581048444372e-07
17070.0  1.3530009921247746e-07
17348.0  1.352428829411488e-07
17630.0  1.3518666341042778e-07
17917.0  1.3513124124871671e-07
18208.0  1.3507680838783172e-07
18504.0  1.3502317523945873e-07
18805.0  1.3497034674824665e-07
19111.0  1.3491832630570855e-07
19422.0  1.3486711586055488e-07
19738.0  1.3481671602439678e-07
20059.0  1.3476712617273187e-07
20385.0  1.34718344541216e-07
20716.0  1.3467036831722555e-07
21053.0  1.346230555493455e-07
21396.0  1.3457641459280807e-07
21744.0  1.3453058179712846e-07
22098.0  1.3448542461135946e-07
22457.0  1.3444106882307233e-07
22822.0  1.3439738806209407e-07
23193.0  1.3435438433235252e-07
23571.0  1.343119480028256e-07
23954.0  1.3427030331386603e-07
24344.0  1.3422923136476743e-07
24740.0  1.341888402309718e-07
25142.0  1.3414912668441776e-07
25551.0  1.3410999258272119e-07
25967.0  1.3407144215165132e-07
26389.0  1.3403356676033604e-07
26818.0  1.3399627446120996e-07
27254.0  1.3395956643964544e-07
27698.0  1.3392336268242678e-07
28148.0  1.3388782556150985e-07
28606.0  1.338527954958019e-07
29071.0  1.3381835029441395e-07
29544.0  1.337844162411628e-07
30025.0  1.3375099627747982e-07
30513.0  1.337181585799177e-07
31009.0  1.3368583379450597e-07
31514.0  1.336539602007556e-07
32026.0  1.3362266358808526e-07
32547.0  1.335918204419391e-07
33076.0  1.3356149090385853e-07
33614.0  1.3353161775014164e-07
34161.0  1.3350220301293144e-07
34717.0  1.3347324788996438e-07
35282.0  1.334447528058059e-07
35855.0  1.3341676553689168e-07
36439.0  1.3338914093457723e-07
37031.0  1.3336202164362195e-07
37634.0  1.3333527016742535e-07
38246.0  1.3330897670971465e-07
38868.0  1.3328309697212631e-07
39500.0  1.332576310636596e-07
40142.0  1.3323257847161195e-07
40795.0  1.3320790092024404e-07
41459.0  1.3318360031875995e-07
42133.0  1.3315971274734593e-07
42819.0  1.3313616789854134e-07
43515.0  1.3311303443842436e-07
44223.0  1.3309024530110986e-07
44942.0  1.3306783313158756e-07
45673.0  1.330457666206657e-07
46416.0  1.3302404654691707e-07
47171.0  1.3300267311434817e-07
47938.0  1.3298164599620652e-07
48718.0  1.3296093825079582e-07
49510.0  1.3294057638847064e-07
50315.0  1.3292053415073616e-07
51134.0  1.3290078800061723e-07
51966.0  1.3288136286348746e-07
52811.0  1.3286225791547212e-07
53670.0  1.3284345037446364e-07
54543.0  1.3282494066884956e-07
55430.0  1.3280672875093317e-07
56331.0  1.3278881413378512e-07
57248.0  1.3277115803091915e-07
58179.0  1.3275379947000184e-07
59125.0  1.3273671896456927e-07
60087.0  1.3271989896849457e-07
61064.0  1.3270335704842947e-07
62057.0  1.326870759349373e-07
63067.0  1.3267104007551e-07
64092.0  1.326552808898574e-07
65135.0  1.3263975225662407e-07
66194.0  1.3262448431304106e-07
67271.0  1.3260944816868894e-07
68365.0  1.3259465804527058e-07
69477.0  1.3258010029730804e-07
70607.0  1.3256577507860908e-07
71756.0  1.3255167010446013e-07
72923.0  1.3253779768447832e-07
74109.0  1.3252414561577813e-07
75314.0  1.3251071382084643e-07
76539.0  1.3249749127810906e-07
77784.0  1.3248447829952083e-07
79049.0  1.3247167486043222e-07
80335.0  1.3245907098113086e-07
81642.0  1.3244666695636907e-07
82970.0  1.3243446275990623e-07
84319.0  1.3242245806936955e-07
85691.0  1.324106353304067e-07
87084.0  1.3239901173058202e-07
88501.0  1.3238756228995582e-07
89940.0  1.3237630333835087e-07
91403.0  1.3236521909977512e-07
92890.0  1.3235430990980426e-07
94401.0  1.3234357581676325e-07
95936.0  1.3233301660380183e-07
97496.0  1.3232262525506484e-07
99082.0  1.3231239536048603e-07
100694.0  1.323023272147558e-07
102332.0  1.3229242084819322e-07
103996.0  1.3228267604711976e-07
105688.0  1.3227308121279036e-07
107407.0  1.3226364216423222e-07
109154.0  1.322543533145519e-07
110929.0  1.3224521460163044e-07
112733.0  1.3223622083807883e-07
114567.0  1.322273672562615e-07
116430.0  1.3221865867519096e-07
118324.0  1.32210085741861e-07
120249.0  1.3220164867680307e-07
122204.0  1.321933516566206e-07
124192.0  1.321851819500085e-07
126212.0  1.3217714386449487e-07
128265.0  1.321692334068139e-07
130351.0  1.3216145055500823e-07
132471.0  1.3215379154307344e-07
134626.0  1.321462528816824e-07
136816.0  1.3213883466981007e-07
139041.0  1.3213153681867997e-07
141303.0  1.3212435281602525e-07
143601.0  1.321172858613283e-07
145937.0  1.3211032979583752e-07
148310.0  1.3210348756442056e-07
150723.0  1.3209675058848627e-07
153174.0  1.3209012449224866e-07
155665.0  1.3208360374024438e-07
158197.0  1.3207718580909837e-07
160770.0  1.320708707517129e-07
163385.0  1.3206465612451292e-07
166043.0  1.3205853963499117e-07
168744.0  1.320525213224808e-07
171488.0  1.3204660107640007e-07
174277.0  1.3204077453665195e-07
177112.0  1.3203503972816809e-07
179993.0  1.3202939671444985e-07
182920.0  1.3202384541676293e-07
185896.0  1.3201838020407e-07
188919.0  1.3201300476129965e-07
191992.0  1.3200771371468973e-07
195115.0  1.3200250714561987e-07
198288.0  1.3199738500280432e-07
201514.0  1.3199234249836428e-07
204791.0  1.3198738276385676e-07
208122.0  1.319825012113808e-07
211507.0  1.3197769788780118e-07
214947.0  1.319729713673262e-07
218444.0  1.3196831897542874e-07
221997.0  1.3196374206218537e-07
225607.0  1.319592392446549e-07
229277.0  1.3195480681819267e-07
233006.0  1.319504460337269e-07
236796.0  1.319461545403083e-07
240648.0  1.319419312512078e-07
244562.0  1.319377761582452e-07
248539.0  1.3193368814040823e-07
252582.0  1.3192966415298025e-07
256690.0  1.3192570522552525e-07
260865.0  1.3192180941044938e-07
265108.0  1.319179757938448e-07
269420.0  1.319142034822742e-07
273803.0  1.3191049076764904e-07
278256.0  1.3190683848631225e-07
282782.0  1.3190324415493704e-07
287381.0  1.3189970777842286e-07
292056.0  1.3189622707680353e-07
296806.0  1.318928028065245e-07
301633.0  1.31889433486495e-07
306540.0  1.3188611706918946e-07
311525.0  1.3188285490212375e-07
316592.0  1.3187964434462369e-07
321742.0  1.318764848143665e-07
326975.0  1.3187337631145642e-07
332293.0  1.3187031762787814e-07
337698.0  1.318673076292149e-07
343191.0  1.3186434577951699e-07
348773.0  1.3186143153798926e-07
354446.0  1.318585638619801e-07
360211.0  1.3185574224957553e-07
366070.0  1.318529657258871e-07
372024.0  1.318502338206584e-07
378075.0  1.3184754561811215e-07
384224.0  1.3184490067359102e-07
390474.0  1.3184229771318376e-07
396825.0  1.3183973674864268e-07
403279.0  1.3183721695990817e-07
409838.0  1.318347375661446e-07
416504.0  1.3183229782270953e-07
423279.0  1.3182989701835653e-07
430164.0  1.3182753481022398e-07
437160.0  1.318252108408858e-07
444271.0  1.3182292379011552e-07
451497.0  1.318206736717934e-07
458840.0  1.3181845985054717e-07
466303.0  1.318162814277629e-07
473888.0  1.3181413784160928e-07
481596.0  1.3181202881820837e-07
489429.0  1.318099538060104e-07
497390.0  1.3180791201863963e-07
505480.0  1.3180590320672752e-07
513701.0  1.3180392686668798e-07
522057.0  1.318019820508204e-07
530548.0  1.3180006876948519e-07
539177.0  1.3179818634172018e-07
547947.0  1.3179633412501141e-07
556860.0  1.3179451171351908e-07
565917.0  1.3179271890323213e-07
575122.0  1.3179095490616652e-07
584476.0  1.3178921953730285e-07
593983.0  1.317875120626323e-07
603644.0  1.3178583231171772e-07
613462.0  1.3178417976379184e-07
623440.0  1.3178255392283568e-07
633580.0  1.3178095447087477e-07
643886.0  1.3177938079071903e-07
654359.0  1.3177783274110465e-07
665002.0  1.317763098799322e-07
675818.0  1.3177481178341924e-07
686810.0  1.317733380447274e-07
697981.0  1.3177188827266667e-07
709334.0  1.3177046209052607e-07
720872.0  1.3176905913498547e-07
732597.0  1.3176767917089408e-07
744512.0  1.3176632184761157e-07
756622.0  1.317649866088607e-07
768928.0  1.3176367335667916e-07
781435.0  1.317623815680698e-07
794145.0  1.317611110502784e-07
807062.0  1.3175986141473084e-07
820189.0  1.317586323845058e-07
833529.0  1.3175742368887507e-07
847087.0  1.3175623489037457e-07
860865.0  1.3175506582963063e-07
874867.0  1.3175391617892959e-07
889097.0  1.3175278562526124e-07
903558.0  1.3175167394487248e-07
918254.0  1.317505808436724e-07
933190.0  1.317495059689816e-07
948368.0  1.317484491941051e-07
963793.0  1.3174741018584157e-07
979470.0  1.3174638862985563e-07
995401.0  1.3174538441529418e-07
1011591.0  1.3174439724328142e-07
1028045.0  1.3174342683112665e-07
1044766.0  1.3174247302336872e-07
1061759.0  1.3174153555525455e-07
1079029.0  1.3174061417570972e-07
1096579.0  1.3173970874786e-07
1114415.0  1.317388189861145e-07
1132541.0  1.3173794471793297e-07
1150962.0  1.3173708572924643e-07
1169683.0  1.3173624181621395e-07
1188708.0  1.3173541282741177e-07
1208042.0  1.317345985732689e-07
1227691.0  1.3173379883291928e-07
1247660.0  1.317330134377615e-07
1267953.0  1.3173224226407627e-07
1288576.0  1.3173148511799745e-07
1309535.0  1.317307418175758e-07
1330835.0  1.317300122257232e-07
1352481.0  1.3172929621128963e-07
1374479.0  1.3172859361743628e-07
1396835.0  1.3172790429718537e-07
1419555.0  1.3172722811290947e-07
1442644.0  1.317265649641006e-07
1466109.0  1.317259147003546e-07
1489955.0  1.3172527723597234e-07
1514189.0  1.3172465243871675e-07
1538818.0  1.317240401877515e-07
1563847.0  1.317234404201738e-07
1589283.0  1.317228530313482e-07
1615133.0  1.3172227792699214e-07
1641403.0  1.3172171504387895e-07
1668101.0  1.317211642848809e-07
1695232.0  1.3172062562395823e-07
1722805.0  1.3172009896349294e-07
1750827.0  1.3171958425704675e-07
1779304.0  1.3171908148452714e-07
1808245.0  1.3171859058222552e-07
1837656.0  1.317181115487272e-07
1867546.0  1.3171764434302264e-07
1897922.0  1.3171718896762882e-07
1928792.0  1.317167454200773e-07
1960163.0  1.317163137230328e-07
1992046.0  1.3171589385708688e-07
2024447.0  1.3171548588324924e-07
2057374.0  1.3171508984659174e-07
2090838.0  1.3171470577106105e-07
2124845.0  1.3171433375322341e-07
2159406.0  1.317139738478191e-07
2194529.0  1.317136261584303e-07
2230223.0  1.3171329079370738e-07
2266498.0  1.3171296787055867e-07
2303363.0  1.317126575336227e-07
2340827.0  1.317123599459833e-07
2378901.0  1.3171207527564868e-07
2417594.0  1.317118037283965e-07
2456916.0  1.317115455253892e-07
2496878.0  1.3171130090683028e-07
2537490.0  1.3171107014665091e-07
2578763.0  1.3171085354202292e-07
2620707.0  1.3171065142673288e-07
2663333.0  1.3171046416296098e-07
2706652.0  1.3171029214974723e-07
2750676.0  1.3171013582255144e-07
2795416.0  1.3170999566449437e-07
2840884.0  1.3170987220299517e-07
2887091.0  1.3170976602028343e-07
2934050.0  1.3170967775114178e-07
2981772.0  1.317096080975805e-07
3030271.0  1.317095578267946e-07
3079559.0  1.3170952778668477e-07
