1.0  9.377781161031343e-08
2.0  9.377781161031263e-08
3.0  9.377781161031352e-08
4.0  9.377781161031352e-08
5.0  9.37778116103129e-08
6.0  9.377781161031375e-08
7.0  9.377781161031274e-08
8.0  9.377781161031322e-08
9.0  9.37778116103132e-08
10.0  9.377781161031328e-08
11.0  9.377781161031405e-08
12.0  9.377781161031421e-08
13.0  9.377781161031442e-08
14.0  9.377781161031408e-08
16.0  9.377781161031294e-08
17.0  9.377781161031323e-08
18.0  9.377781161031392e-08
20.0  9.377781161031385e-08
22.0  9.377781161031274e-08
24.0  9.377781161031345e-08
26.0  9.377781161031322e-08
28.0  9.377781161031368e-08
30.0  9.37778116103134e-08
33.0  9.377781161031414e-08
35.0  9.37778116103133e-08
38.0  9.377781161031372e-08
42.0  9.377781161031355e-08
45.0  9.377781161031216e-08
49.0  9.377781161031357e-08
53.0  9.377781161031375e-08
57.0  9.377781161031421e-08
62.0  9.377781161031332e-08
67.0  9.377781161031241e-08
73.0  9.377781161031285e-08
79.0  9.377781161031363e-08
86.0  9.377781161031332e-08
93.0  9.377781161031308e-08
101.0  9.37778116103142e-08
110.0  9.37778116103131e-08
119.0  9.377781161031318e-08
129.0  9.377781161031357e-08
140.0  9.377781161031352e-08
152.0  9.377781161031345e-08
164.0  9.377781161031367e-08
178.0  9.377781161031343e-08
193.0  9.377781161031302e-08
210.0  9.377781161031357e-08
227.0  9.377781161031337e-08
247.0  9.377781161031357e-08
267.0  9.377781161031343e-08
290.0  9.377781161031314e-08
314.0  9.37778116103133e-08
341.0  9.377781161031352e-08
370.0  9.377781161031388e-08
401.0  9.37778116103133e-08
435.0  9.377781161031434e-08
471.0  9.37778116103139e-08
511.0  9.377781161031375e-08
554.0  9.377781161031413e-08
601.0  9.3777811610314e-08
652.0  9.37778116103137e-08
707.0  9.377781161031372e-08
766.0  9.377781161031322e-08
831.0  9.377781161031363e-08
901.0  9.377781161031398e-08
977.0  9.377781161031302e-08
1060.0  9.377781161031345e-08
1149.0  9.37778116103132e-08
1246.0  9.377781161031234e-08
1351.0  9.37778116103138e-08
1465.0  9.377781161031367e-08
1589.0  9.377781161031322e-08
1723.0  9.377781161031402e-08
1868.0  9.377781161031361e-08
2026.0  9.377781161031367e-08
2196.0  9.377781161031408e-08
2382.0  9.377781161031378e-08
2583.0  9.377781161031324e-08
2801.0  9.377781161031427e-08
3037.0  9.377781161031396e-08
3293.0  9.377781161031322e-08
3571.0  9.377781161031388e-08
3872.0  9.377781161031384e-08
4199.0  9.377781161031299e-08
4553.0  9.377781161031377e-08
4937.0  9.37778116103136e-08
5354.0  9.377781161031296e-08
5805.0  9.377781161031463e-08
6295.0  9.377781161031319e-08
6826.0  9.377781161031352e-08
7402.0  9.377781161031302e-08
8026.0  9.377781161031303e-08
8704.0  9.37778116103133e-08
9438.0  9.377781161031319e-08
10234.0  9.377781161031367e-08
11098.0  9.377781161031255e-08
12034.0  9.377781161031292e-08
13049.0  9.377781161031212e-08
14150.0  9.377781161031181e-08
15344.0  9.3777811610312e-08
16638.0  9.377781161031146e-08
18042.0  9.377781161031036e-08
19564.0  9.377781161031053e-08
21215.0  9.37778116103086e-08
23004.0  9.377781161030853e-08
24945.0  9.377781161030649e-08
27050.0  9.377781161030496e-08
29332.0  9.377781161030402e-08
31806.0  9.37778116103013e-08
34490.0  9.377781161029923e-08
37399.0  9.377781161029773e-08
40555.0  9.377781161029422e-08
43976.0  9.37778116102901e-08
47686.0  9.377781161028512e-08
51709.0  9.377781161028054e-08
56072.0  9.377781161027376e-08
60802.0  9.377781161026646e-08
65932.0  9.377781161025744e-08
71494.0  9.377781161024713e-08
77526.0  9.377781161023565e-08
84067.0  9.377781161022111e-08
91159.0  9.37778116102031e-08
98850.0  9.377781161018316e-08
107189.0  9.377781161015986e-08
116232.0  9.377781161013028e-08
126038.0  9.377781161009794e-08
136672.0  9.377781161005912e-08
148202.0  9.377781161001366e-08
160705.0  9.377781160995959e-08
174263.0  9.377781160989491e-08
188965.0  9.377781160982162e-08
204907.0  9.377781160973271e-08
222195.0  9.377781160962857e-08
240940.0  9.377781160950705e-08
261268.0  9.377781160936378e-08
283310.0  9.377781160919503e-08
307211.0  9.37778116089979e-08
333129.0  9.377781160876557e-08
361234.0  9.377781160849301e-08
391710.0  9.377781160817279e-08
424757.0  9.377781160779991e-08
460592.0  9.377781160736243e-08
499451.0  9.377781160684935e-08
541587.0  9.37778116062523e-08
587279.0  9.37778116055536e-08
636825.0  9.377781160473936e-08
690551.0  9.377781160379396e-08
748810.0  9.377781160269501e-08
811984.0  9.377781160142404e-08
880488.0  9.377781159995758e-08
954772.0  9.377781159827083e-08
1035322.0  9.377781159633786e-08
1122668.0  9.377781159413654e-08
1217383.0  9.377781159164391e-08
1320088.0  9.377781158884163e-08
1431459.0  9.377781158572021e-08
1552225.0  9.377781158228452e-08
1683180.0  9.37778115785561e-08
1825183.0  9.377781157458023e-08
1979167.0  9.37778115704422e-08
2146141.0  9.377781156626938e-08
2327202.0  9.37778115622474e-08
2523539.0  9.377781155862696e-08
2736440.0  9.377781155573033e-08
2967302.0  9.37778115539459e-08
