1.0  4.7211043031599356e-07
2.0  6.497117371531115e-07
3.0  6.49711737153108e-07
4.0  6.497117371531095e-07
5.0  6.497117371531169e-07
6.0  6.497117371531145e-07
7.0  6.497117371531293e-07
8.0  6.4971173715312e-07
9.0  6.497117371531153e-07
10.0  6.497117371531242e-07
11.0  6.497117371531315e-07
12.0  6.497117371531221e-07
13.0  6.497117371531092e-07
14.0  6.497117371531235e-07
15.0  6.497117371531167e-07
16.0  6.497117371531221e-07
17.0  6.497117371531181e-07
18.0  6.497117371531302e-07
19.0  6.497117371531132e-07
20.0  6.497117371531079e-07
21.0  6.497117371531332e-07
23.0  6.497117371758005e-07
24.0  6.497117371531219e-07
26.0  6.49711737175779e-07
27.0  6.49711737153125e-07
29.0  6.497117371757913e-07
30.0  6.497117371531097e-07
32.0  6.497117371758131e-07
34.0  6.497117371757917e-07
36.0  6.497117371758019e-07
38.0  6.497117371757959e-07
41.0  6.497117371984718e-07
43.0  6.497117371757843e-07
46.0  6.49711737198484e-07
48.0  6.497117371757976e-07
51.0  6.49711737198488e-07
54.0  6.4971173719849e-07
57.0  6.497117371984797e-07
61.0  6.497117372211723e-07
64.0  6.497117371984838e-07
68.0  6.497117372211584e-07
72.0  6.49711737221148e-07
77.0  6.497117372438565e-07
81.0  6.497117372211674e-07
86.0  6.49711737243847e-07
91.0  6.49711737243838e-07
97.0  6.497117372665071e-07
102.0  6.497117372438438e-07
108.0  6.497117372665271e-07
115.0  6.497117372892084e-07
122.0  6.497117372892078e-07
129.0  6.49711737289203e-07
137.0  6.497117373119062e-07
145.0  6.497117373119033e-07
153.0  6.497117373118858e-07
163.0  6.497117373572784e-07
172.0  6.49711737334571e-07
183.0  6.497117373799297e-07
193.0  6.497117373572426e-07
205.0  6.497117374026198e-07
217.0  6.497117374026242e-07
230.0  6.497117374253167e-07
244.0  6.497117374479921e-07
258.0  6.497117374479852e-07
274.0  6.497117374933346e-07
290.0  6.497117374933462e-07
307.0  6.49711737516017e-07
326.0  6.497117375613823e-07
345.0  6.497117375613824e-07
365.0  6.497117375840669e-07
387.0  6.49711737629425e-07
410.0  6.49711737652097e-07
435.0  6.497117376974641e-07
461.0  6.497117377201447e-07
488.0  6.49711737742817e-07
517.0  6.497117377881874e-07
548.0  6.497117378335393e-07
581.0  6.497117378788812e-07
615.0  6.49711737901566e-07
652.0  6.497117379696197e-07
691.0  6.497117380149467e-07
732.0  6.497117380603302e-07
775.0  6.497117381056678e-07
821.0  6.497117381737055e-07
870.0  6.497117382417028e-07
922.0  6.497117383097558e-07
977.0  6.497117383777712e-07
1035.0  6.497117384458092e-07
1097.0  6.497117385364927e-07
1162.0  6.497117386045025e-07
1232.0  6.497117387178782e-07
1305.0  6.497117387858687e-07
1383.0  6.497117388992498e-07
1465.0  6.497117389899465e-07
1552.0  6.497117391032934e-07
1645.0  6.497117392392991e-07
1743.0  6.497117393526548e-07
1846.0  6.497117394659772e-07
1956.0  6.497117396246397e-07
2073.0  6.497117397833423e-07
2196.0  6.497117399192899e-07
2327.0  6.497117401005975e-07
2466.0  6.497117402818936e-07
2613.0  6.497117404631958e-07
2768.0  6.497117406444422e-07
2933.0  6.497117408710632e-07
3108.0  6.497117410976405e-07
3293.0  6.497117413241614e-07
3489.0  6.497117415733785e-07
3697.0  6.497117418451765e-07
3917.0  6.497117421169704e-07
4150.0  6.497117424114137e-07
4398.0  6.497117427511348e-07
4660.0  6.497117430681231e-07
4937.0  6.497117434077256e-07
5231.0  6.497117437926256e-07
5543.0  6.497117442000425e-07
5873.0  6.497117446074525e-07
6223.0  6.497117450600571e-07
6593.0  6.497117455125906e-07
6986.0  6.497117460329799e-07
7402.0  6.497117465532129e-07
7843.0  6.497117471186523e-07
8310.0  6.497117477065612e-07
8805.0  6.497117483395932e-07
9329.0  6.497117489951283e-07
9885.0  6.497117497183178e-07
10474.0  6.497117504639107e-07
11098.0  6.497117512545351e-07
11758.0  6.497117520674817e-07
12459.0  6.497117529932816e-07
13201.0  6.497117539185987e-07
13987.0  6.497117549114595e-07
14820.0  6.497117559716663e-07
15703.0  6.497117570991856e-07
16638.0  6.497117582713239e-07
17629.0  6.49711759533242e-07
18679.0  6.497117608621801e-07
19792.0  6.497746907515319e-07
20970.0  6.497117664414469e-07
22219.0  6.497117682013988e-07
23543.0  6.497117700596632e-07
24945.0  6.497117719911772e-07
26431.0  6.497117740703704e-07
28005.0  6.496933737072903e-07
29673.0  6.497117785145418e-07
31440.0  6.497117809574174e-07
33313.0  6.497117835714937e-07
35297.0  6.497117863069205e-07
37399.0  6.497117892127668e-07
39627.0  6.497117923134763e-07
41987.0  6.497117955589793e-07
44488.0  6.497103256376069e-07
47138.0  6.497118026769128e-07
49945.0  6.497118065264385e-07
52920.0  6.497118106418593e-07
56072.0  6.497118165427871e-07
59411.0  6.497118195432056e-07
62950.0  6.497118244258113e-07
